Frequency (Hz)	Level (dB)
5.383301	-62.889336
10.766602	-65.650085
16.149902	-63.364231
21.533203	-63.615925
26.916504	-57.540905
32.299805	-46.635578
37.683105	-44.033611
43.066406	-49.988159
48.449707	-65.717194
53.833008	-63.694790
59.216309	-66.000359
64.599609	-62.471310
69.982910	-64.997520
75.366211	-64.995583
80.749512	-65.357666
86.132813	-64.268112
91.516113	-62.958191
96.899414	-61.889839
102.282715	-64.093094
107.666016	-63.810417
113.049316	-63.234703
118.432617	-62.899319
123.815918	-62.861164
129.199219	-63.052750
134.582520	-67.448639
139.965820	-63.532768
145.349121	-54.910236
150.732422	-46.138195
156.115723	-41.477261
161.499023	-38.548416
166.882324	-37.172226
172.265625	-33.334358
177.648926	-29.391172
183.032227	-32.293358
188.415527	-41.965046
193.798828	-49.659264
199.182129	-52.586151
204.565430	-57.281685
209.948730	-59.557465
215.332031	-61.604179
220.715332	-60.864670
226.098633	-60.948715
231.481934	-62.755409
236.865234	-63.843678
242.248535	-64.419250
247.631836	-59.157673
253.015137	-60.740505
258.398438	-67.491135
263.781738	-69.367844
269.165039	-63.560570
274.548340	-60.178604
279.931641	-61.431393
285.314941	-64.012825
290.698242	-62.247116
296.081543	-61.290688
301.464844	-63.914806
306.848145	-58.182587
312.231445	-49.785130
317.614746	-43.486496
322.998047	-40.525005
328.381348	-39.914650
333.764648	-39.769402
339.147949	-40.307320
344.531250	-38.953953
349.914551	-31.793982
355.297852	-30.077538
360.681152	-34.135532
366.064453	-44.607227
371.447754	-50.086472
376.831055	-53.537781
382.214355	-58.684776
387.597656	-61.166153
392.980957	-61.484951
398.364258	-61.331863
403.747559	-60.905182
409.130859	-62.411068
414.514160	-63.768696
419.897461	-59.760639
425.280762	-55.891678
430.664063	-54.791981
436.047363	-52.545856
441.430664	-52.743168
446.813965	-51.081947
452.197266	-48.956642
457.580566	-46.524307
462.963867	-43.952942
468.347168	-42.483349
473.730469	-41.332195
479.113770	-40.184231
484.497070	-39.320133
489.880371	-39.184528
495.263672	-39.778316
500.646973	-40.891647
506.030273	-42.708454
511.413574	-42.198799
516.796875	-40.226887
522.180176	-39.807438
527.563477	-33.008339
532.946777	-29.744719
538.330078	-31.663151
543.713379	-38.183163
549.096680	-46.585400
554.479980	-49.575054
559.863281	-52.608883
565.246582	-55.138298
570.629883	-58.371410
576.013184	-59.564976
581.396484	-58.140858
586.779785	-56.950512
592.163086	-55.596367
597.546387	-53.382057
602.929688	-49.311855
608.312988	-46.370522
613.696289	-44.833939
619.079590	-44.478340
624.462891	-44.505177
629.846191	-44.786434
635.229492	-44.712082
640.612793	-43.099503
645.996094	-40.391212
651.379395	-38.651974
656.762695	-38.570972
662.145996	-40.126717
667.529297	-42.744076
672.912598	-35.861084
678.295898	-33.559368
683.679199	-39.191948
689.062500	-39.678059
694.445801	-37.113224
699.829102	-28.987856
705.212402	-25.128601
710.595703	-26.725315
715.979004	-29.099493
721.362305	-30.959597
726.745605	-31.054693
732.128906	-31.505533
737.512207	-37.023190
742.895508	-41.241203
748.278809	-37.787037
753.662109	-38.612057
759.045410	-44.502113
764.428711	-42.375443
769.812012	-37.673866
775.195313	-34.856819
780.578613	-33.571468
785.961914	-33.645462
791.345215	-33.132027
796.728516	-32.557571
802.111816	-32.311333
807.495117	-30.347260
812.878418	-29.519302
818.261719	-31.813086
823.645020	-37.169785
829.028320	-40.029873
834.411621	-39.178791
839.794922	-40.613400
845.178223	-41.545475
850.561523	-40.421581
855.944824	-42.014717
861.328125	-43.978100
866.711426	-44.455017
872.094727	-45.464584
877.478027	-35.377731
882.861328	-29.826738
888.244629	-29.691216
893.627930	-33.215790
899.011230	-40.097866
904.394531	-42.059452
909.777832	-38.672985
915.161133	-40.504078
920.544434	-45.521385
925.927734	-49.630188
931.311035	-56.300858
936.694336	-53.087914
942.077637	-47.164452
947.460938	-44.142567
952.844238	-42.235271
958.227539	-40.242439
963.610840	-38.233299
968.994141	-37.729275
974.377441	-38.170998
979.760742	-39.682652
985.144043	-44.185856
990.527344	-43.391251
995.910645	-41.143654
1001.293945	-42.137970
1006.677246	-42.817177
1012.060547	-42.937832
1017.443848	-40.722141
1022.827148	-38.359303
1028.210449	-41.803829
1033.593750	-45.393372
1038.977051	-41.185829
1044.360352	-41.699188
1049.743652	-42.050800
1055.126953	-37.862534
1060.510254	-32.531132
1065.893555	-30.564871
1071.276855	-32.638691
1076.660156	-40.545994
1082.043457	-40.594494
1087.426758	-37.332535
1092.810059	-40.842110
1098.193359	-49.070911
1103.576660	-47.947365
1108.959961	-45.119736
1114.343262	-42.375767
1119.726563	-39.703892
1125.109863	-38.350998
1130.493164	-39.117672
1135.876465	-42.516483
1141.259766	-47.949650
1146.643066	-42.246597
1152.026367	-39.335426
1157.409668	-39.594971
1162.792969	-42.252460
1168.176270	-48.825657
1173.559570	-40.650242
1178.942871	-36.537796
1184.326172	-38.611305
1189.709473	-50.545826
1195.092773	-36.383156
1200.476074	-38.239017
1205.859375	-38.078102
1211.242676	-32.640953
1216.625977	-35.883263
1222.009277	-31.864658
1227.392578	-32.224735
1232.775879	-32.102425
1238.159180	-23.334652
1243.542480	-20.402988
1248.925781	-21.226101
1254.309082	-27.383167
1259.692383	-33.683437
1265.075684	-25.970400
1270.458984	-23.389711
1275.842285	-23.119308
1281.225586	-23.761808
1286.608887	-25.259556
1291.992188	-28.586956
1297.375488	-35.037457
1302.758789	-38.068462
1308.142090	-34.491638
1313.525391	-33.024044
1318.908691	-34.293320
1324.291992	-39.217213
1329.675293	-40.671520
1335.058594	-35.819054
1340.441895	-35.172588
1345.825195	-40.290375
1351.208496	-42.157791
1356.591797	-38.397091
1361.975098	-39.381908
1367.358398	-42.188061
1372.741699	-41.079979
1378.125000	-42.834614
1383.508301	-45.356251
1388.891602	-42.703518
1394.274902	-42.549969
1399.658203	-38.981251
1405.041504	-38.100498
1410.424805	-37.632305
1415.808105	-30.444284
1421.191406	-26.687908
1426.574707	-27.404764
1431.958008	-32.285191
1437.341309	-37.634701
1442.724609	-33.961296
1448.107910	-33.943504
1453.491211	-35.769001
1458.874512	-37.059155
1464.257813	-38.645252
1469.641113	-40.162151
1475.024414	-40.921436
1480.407715	-42.266102
1485.791016	-45.593735
1491.174316	-48.431564
1496.557617	-48.226639
1501.940918	-50.718395
1507.324219	-52.717667
1512.707520	-48.602577
1518.090820	-46.466869
1523.474121	-46.663101
1528.857422	-50.363770
1534.240723	-51.521164
1539.624023	-49.220901
1545.007324	-51.923489
1550.390625	-49.936607
1555.773926	-50.223804
1561.157227	-49.357594
1566.540527	-54.314922
1571.923828	-48.166813
1577.307129	-47.485943
1582.690430	-42.718548
1588.073730	-38.965336
1593.457031	-39.765709
1598.840332	-39.997192
1604.223633	-40.130104
1609.606934	-43.450073
1614.990234	-50.283905
1620.373535	-48.643814
1625.756836	-48.013779
1631.140137	-47.914429
1636.523438	-46.481030
1641.906738	-46.367180
1647.290039	-48.587578
1652.673340	-50.437988
1658.056641	-51.031284
1663.439941	-52.669914
1668.823242	-55.742424
1674.206543	-56.641685
1679.589844	-56.193954
1684.973145	-62.279266
1690.356445	-60.242176
1695.739746	-56.124996
1701.123047	-56.993393
1706.506348	-58.473240
1711.889648	-57.921364
1717.272949	-62.812256
1722.656250	-53.585304
1728.039551	-54.599430
1733.422852	-50.102249
1738.806152	-46.968491
1744.189453	-49.646423
1749.572754	-48.576500
1754.956055	-48.417080
1760.339355	-52.152088
1765.722656	-46.425495
1771.105957	-43.166714
1776.489258	-43.675831
1781.872559	-46.098843
1787.255859	-49.741081
1792.639160	-53.616428
1798.022461	-54.805206
1803.405762	-54.214767
1808.789063	-57.563759
1814.172363	-58.959148
1819.555664	-56.425014
1824.938965	-59.043636
1830.322266	-61.964924
1835.705566	-60.214405
1841.088867	-63.436371
1846.472168	-64.153397
1851.855469	-60.024616
1857.238770	-60.956524
1862.622070	-65.175301
1868.005371	-64.939674
1873.388672	-69.089737
1878.771973	-68.856087
1884.155273	-63.759045
1889.538574	-63.870209
1894.921875	-64.310989
1900.305176	-62.375980
1905.688477	-62.071793
1911.071777	-63.666702
1916.455078	-66.347939
1921.838379	-64.464767
1927.221680	-66.286263
1932.604980	-67.634232
1937.988281	-64.917252
1943.371582	-60.418171
1948.754883	-56.809155
1954.138184	-54.977375
1959.521484	-56.933495
1964.904785	-62.272537
1970.288086	-67.924995
1975.671387	-68.920380
1981.054688	-61.690075
1986.437988	-63.060993
1991.821289	-59.964298
1997.204590	-57.820190
2002.587891	-60.185589
2007.971191	-58.496120
2013.354492	-56.759880
2018.737793	-59.249134
2024.121094	-59.642628
2029.504395	-58.420753
2034.887695	-61.899246
2040.270996	-61.362923
2045.654297	-57.303013
2051.037598	-59.406528
2056.420898	-63.453625
2061.804199	-57.242062
2067.187500	-55.775223
2072.570801	-57.669071
2077.954102	-60.654461
2083.337402	-60.125042
2088.720703	-57.919807
2094.104004	-60.970947
2099.487305	-60.792072
2104.870605	-60.169899
2110.253906	-59.728455
2115.637207	-62.112152
2121.020508	-59.281933
2126.403809	-53.861813
2131.787109	-51.987091
2137.170410	-53.104656
2142.553711	-57.444664
2147.937012	-59.631882
2153.320313	-58.721798
2158.703613	-61.123001
2164.086914	-61.267525
2169.470215	-58.219044
2174.853516	-58.427589
2180.236816	-60.191444
2185.620117	-58.425117
2191.003418	-57.737373
2196.386719	-61.448071
2201.770020	-60.377705
2207.153320	-55.950703
2212.536621	-56.054897
2217.919922	-58.420250
2223.303223	-56.654148
2228.686523	-54.034588
2234.069824	-54.673393
2239.453125	-57.718658
2244.836426	-64.090958
2250.219727	-58.736137
2255.603027	-54.378853
2260.986328	-55.229446
2266.369629	-56.914108
2271.752930	-55.807404
2277.136230	-52.967197
2282.519531	-53.485954
2287.902832	-55.374111
2293.286133	-60.363747
2298.669434	-51.037365
2304.052734	-45.247746
2309.436035	-43.969769
2314.819336	-45.451015
2320.202637	-49.680164
2325.585938	-52.023842
2330.969238	-51.196751
2336.352539	-52.914555
2341.735840	-54.556797
2347.119141	-49.830360
2352.502441	-48.393921
2357.885742	-51.350563
2363.269043	-53.579716
2368.652344	-49.744476
2374.035645	-48.881329
2379.418945	-50.825886
2384.802246	-54.848755
2390.185547	-52.930141
2395.568848	-48.866753
2400.952148	-48.426800
2406.335449	-52.268444
2411.718750	-58.264484
2417.102051	-56.288193
2422.485352	-52.671444
2427.868652	-51.162891
2433.251953	-53.399734
2438.635254	-59.935043
2444.018555	-55.784218
2449.401855	-54.542290
2454.785156	-59.207325
2460.168457	-56.194210
2465.551758	-56.953056
2470.935059	-57.676346
2476.318359	-50.815323
2481.701660	-46.340694
2487.084961	-44.805424
2492.468262	-46.249630
2497.851563	-52.819462
2503.234863	-55.175289
2508.618164	-47.887562
2514.001465	-47.607376
2519.384766	-52.986076
2524.768066	-54.148296
2530.151367	-47.417492
2535.534668	-45.599701
2540.917969	-46.383091
2546.301270	-48.122307
2551.684570	-44.737423
2557.067871	-40.273094
2562.451172	-40.028820
2567.834473	-43.716610
2573.217773	-47.517647
2578.601074	-48.615204
2583.984375	-45.393490
2589.367676	-42.538155
2594.750977	-42.640633
2600.134277	-45.291309
2605.517578	-53.070362
2610.900879	-50.521767
2616.284180	-50.782841
2621.667480	-43.589539
2627.050781	-44.351753
2632.434082	-47.001389
2637.817383	-44.893791
2643.200684	-42.783997
2648.583984	-43.275887
2653.967285	-38.881855
2659.350586	-33.860111
2664.733887	-31.894459
2670.117188	-32.837601
2675.500488	-36.509575
2680.883789	-47.108101
2686.267090	-44.552650
2691.650391	-41.264530
2697.033691	-40.947048
2702.416992	-40.765381
2707.800293	-40.500130
2713.183594	-39.208347
2718.566895	-38.007404
2723.950195	-37.202908
2729.333496	-37.973114
2734.716797	-38.054600
2740.100098	-41.425797
2745.483398	-43.161846
2750.866699	-39.696239
2756.250000	-37.490055
2761.633301	-39.292969
2767.016602	-47.859760
2772.399902	-48.522121
2777.783203	-47.086727
2783.166504	-40.347008
2788.549805	-40.520081
2793.933105	-44.915882
2799.316406	-41.168396
2804.699707	-39.810173
2810.083008	-39.014214
2815.466309	-42.725311
2820.849609	-40.806725
2826.232910	-35.634048
2831.616211	-31.655537
2836.999512	-28.348339
2842.382813	-27.472511
2847.766113	-29.246698
2853.149414	-31.656345
2858.532715	-31.830694
2863.916016	-30.378311
2869.299316	-31.241730
2874.682617	-34.072945
2880.065918	-35.908375
2885.449219	-36.957718
2890.832520	-35.305157
2896.215820	-35.357124
2901.599121	-35.143444
2906.982422	-36.297173
2912.365723	-35.784210
2917.749023	-34.426571
2923.132324	-36.137985
2928.515625	-39.699310
2933.898926	-38.671963
2939.282227	-39.340324
2944.665527	-43.316124
2950.048828	-48.763275
2955.432129	-49.078510
2960.815430	-41.059143
2966.198730	-38.836926
2971.582031	-43.692654
2976.965332	-50.249886
2982.348633	-48.346577
2987.731934	-42.563126
2993.115234	-43.996288
2998.498535	-44.631550
3003.881836	-44.718929
3009.265137	-43.356369
3014.648438	-39.719631
3020.031738	-38.663986
3025.415039	-38.469501
3030.798340	-41.435867
3036.181641	-51.431656
3041.564941	-52.345032
3046.948242	-47.835552
3052.331543	-47.828499
3057.714844	-47.727863
3063.098145	-46.315975
3068.481445	-47.169449
3073.864746	-49.913116
3079.248047	-48.132824
3084.631348	-50.095428
3090.014648	-50.162186
3095.397949	-53.393040
3100.781250	-52.865623
3106.164551	-53.297615
3111.547852	-54.971279
3116.931152	-54.194370
3122.314453	-48.191605
3127.697754	-45.607864
3133.081055	-52.867077
3138.464355	-51.716988
3143.847656	-49.540550
3149.230957	-55.518497
3154.614258	-52.730766
3159.997559	-50.297054
3165.380859	-52.049408
3170.764160	-49.446716
3176.147461	-48.463463
3181.530762	-44.554585
3186.914063	-43.836834
3192.297363	-44.358772
3197.680664	-44.562431
3203.063965	-44.339272
3208.447266	-46.764637
3213.830566	-53.823044
3219.213867	-51.814274
3224.597168	-49.691196
3229.980469	-52.361408
3235.363770	-59.548397
3240.747070	-66.182213
3246.130371	-59.328159
3251.513672	-58.839180
3256.896973	-66.214767
3262.280273	-55.331936
3267.663574	-53.419895
3273.046875	-57.361523
3278.430176	-59.184521
3283.813477	-61.046700
3289.196777	-53.957890
3294.580078	-50.107098
3299.963379	-49.224354
3305.346680	-54.531967
3310.729980	-55.889088
3316.113281	-52.111198
3321.496582	-53.160679
3326.879883	-55.599854
3332.263184	-58.680458
3337.646484	-54.889679
3343.029785	-50.534611
3348.413086	-45.361813
3353.796387	-44.375710
3359.179688	-51.766979
3364.562988	-46.565090
3369.946289	-41.356747
3375.329590	-37.513161
3380.712891	-35.856892
3386.096191	-38.540756
3391.479492	-43.351070
3396.862793	-45.398220
3402.246094	-45.613224
3407.629395	-45.674393
3413.012695	-46.315739
3418.395996	-53.445354
3423.779297	-43.752155
3429.162598	-45.694019
3434.545898	-43.003922
3439.929199	-44.271763
3445.312500	-47.199722
3450.695801	-44.806267
3456.079102	-41.331547
3461.462402	-40.943825
3466.845703	-45.402683
3472.229004	-37.052799
3477.612305	-34.567314
3482.995605	-37.588455
3488.378906	-43.772549
3493.762207	-44.272285
3499.145508	-38.203278
3504.528809	-35.010822
3509.912109	-36.317314
3515.295410	-39.726776
3520.678711	-39.637543
3526.062012	-37.004883
3531.445313	-38.169285
3536.828613	-42.549900
3542.211914	-37.914703
3547.595215	-31.105190
3552.978516	-28.287243
3558.361816	-28.227924
3563.745117	-31.104259
3569.128418	-37.508785
3574.511719	-49.169449
3579.895020	-37.477966
3585.278320	-36.191002
3590.661621	-37.726543
3596.044922	-38.034145
3601.428223	-36.710770
3606.811523	-36.614162
3612.194824	-34.963287
3617.578125	-36.775948
3622.961426	-37.253754
3628.344727	-40.149506
3633.728027	-37.510101
3639.111328	-32.551964
3644.494629	-32.525280
3649.877930	-34.288212
3655.261230	-33.503448
3660.644531	-33.719776
3666.027832	-35.923710
3671.411133	-36.420834
3676.794434	-37.910534
3682.177734	-40.219166
3687.561035	-39.639339
3692.944336	-40.662521
3698.327637	-43.753593
3703.710938	-40.919243
3709.094238	-40.391968
3714.477539	-39.445839
3719.860840	-37.799515
3725.244141	-34.330006
3730.627441	-31.990738
3736.010742	-32.060215
3741.394043	-34.727524
3746.777344	-40.799206
3752.160645	-42.150803
3757.543945	-38.617126
3762.927246	-39.452026
3768.310547	-41.643894
3773.693848	-42.506054
3779.077148	-43.404991
3784.460449	-45.916607
3789.843750	-47.441288
3795.227051	-46.026901
3800.610352	-43.256836
3805.993652	-43.300961
3811.376953	-46.209255
3816.760254	-48.823051
3822.143555	-45.666355
3827.526855	-46.163734
3832.910156	-49.170055
3838.293457	-49.984589
3843.676758	-51.324162
3849.060059	-55.123592
3854.443359	-59.433788
3859.826660	-62.213619
3865.209961	-65.115059
3870.593262	-65.347046
3875.976563	-66.870331
3881.359863	-65.181885
3886.743164	-67.961655
3892.126465	-75.982567
3897.509766	-88.425072
3902.893066	-78.050545
3908.276367	-76.231392
3913.659668	-78.703377
3919.042969	-83.988785
3924.426270	-91.968979
3929.809570	-103.684433
3935.192871	-106.601151
3940.576172	-108.916183
3945.959473	-114.681488
3951.342773	-123.571617
3956.726074	-129.694061
3962.109375	-139.360657
3967.492676	-139.020294
3972.875977	-143.679321
3978.259277	-138.733521
3983.642578	-143.993042
3989.025879	-143.505890
3994.409180	-142.697891
3999.792480	-145.989471
4005.175781	-143.953568
4010.559082	-146.312653
4015.942383	-142.399551
4021.325684	-146.447189
4026.708984	-146.098862
4032.092285	-145.978500
4037.475586	-149.223969
4042.858887	-145.283585
4048.242188	-149.507965
4053.625488	-147.447495
4059.008789	-150.908752
4064.392090	-146.940506
4069.775391	-146.480362
4075.158691	-145.846039
4080.541992	-150.270981
4085.925293	-147.251160
4091.308594	-151.065689
4096.691895	-148.320938
4102.075195	-153.430389
4107.458496	-146.617661
4112.841797	-151.535553
4118.225098	-151.224182
4123.608398	-146.839691
4128.991699	-155.416626
4134.375000	-149.945816
4139.758301	-152.856476
4145.141602	-154.227798
4150.524902	-150.248489
4155.908203	-152.639236
4161.291504	-151.374725
4166.674805	-154.919662
4172.058105	-152.437653
4177.441406	-150.788101
4182.824707	-148.779480
4188.208008	-147.471191
4193.591309	-149.402374
4198.974609	-149.897461
4204.357910	-152.791901
4209.741211	-149.066223
4215.124512	-150.115326
4220.507813	-150.128922
4225.891113	-149.608521
4231.274414	-147.278549
4236.657715	-148.676254
4242.041016	-148.195038
4247.424316	-149.801910
4252.807617	-148.849167
4258.190918	-148.013351
4263.574219	-146.116638
4268.957520	-150.065903
4274.340820	-150.885025
4279.724121	-148.978195
4285.107422	-152.572281
4290.490723	-152.200089
4295.874023	-144.462433
4301.257324	-145.347290
4306.640625	-149.680420
4312.023926	-156.992554
4317.407227	-151.248825
4322.790527	-152.810959
4328.173828	-151.650742
4333.557129	-150.638718
4338.940430	-152.190735
4344.323730	-150.897049
4349.707031	-152.029709
4355.090332	-149.832809
4360.473633	-149.530609
4365.856934	-151.481110
4371.240234	-148.811539
4376.623535	-150.501740
4382.006836	-148.485138
4387.390137	-148.647552
4392.773438	-148.893158
4398.156738	-150.506073
4403.540039	-153.262054
4408.923340	-151.390503
4414.306641	-149.212234
4419.689941	-149.471619
4425.073242	-148.694748
4430.456543	-148.271347
4435.839844	-146.539703
4441.223145	-147.512589
4446.606445	-148.710876
4451.989746	-149.812714
4457.373047	-149.283829
4462.756348	-153.730621
4468.139648	-150.121216
4473.522949	-149.591827
4478.906250	-148.848633
4484.289551	-149.144669
4489.672852	-152.289734
4495.056152	-151.994110
4500.439453	-153.131226
4505.822754	-153.008591
4511.206055	-151.524338
4516.589355	-150.059433
4521.972656	-147.415039
4527.355957	-149.288071
4532.739258	-148.800430
4538.122559	-147.331589
4543.505859	-146.266403
4548.889160	-149.732498
4554.272461	-150.461914
4559.655762	-148.047958
4565.039063	-149.995697
4570.422363	-151.295639
4575.805664	-148.677658
4581.188965	-146.507141
4586.572266	-149.855087
4591.955566	-152.897354
4597.338867	-150.815475
4602.722168	-149.164917
4608.105469	-149.458145
4613.488770	-149.163940
4618.872070	-148.560944
4624.255371	-149.927750
4629.638672	-150.283585
4635.021973	-150.824738
4640.405273	-149.546875
4645.788574	-148.075516
4651.171875	-148.543716
4656.555176	-149.032898
4661.938477	-152.967636
4667.321777	-152.383118
4672.705078	-150.218719
4678.088379	-151.447113
4683.471680	-150.179337
4688.854980	-147.116623
4694.238281	-149.623352
4699.621582	-151.180695
4705.004883	-150.311127
4710.388184	-151.204605
4715.771484	-147.849304
4721.154785	-149.913864
4726.538086	-149.732712
4731.921387	-149.523514
4737.304688	-149.589066
4742.687988	-148.643433
4748.071289	-149.647049
4753.454590	-153.327759
4758.837891	-152.884033
4764.221191	-150.368073
4769.604492	-151.462372
4774.987793	-150.117981
4780.371094	-149.090927
4785.754395	-151.766190
4791.137695	-150.479507
4796.520996	-149.458344
4801.904297	-150.563599
4807.287598	-152.603348
4812.670898	-150.207764
4818.054199	-147.745361
4823.437500	-146.513382
4828.820801	-147.799240
4834.204102	-148.836792
4839.587402	-147.045807
4844.970703	-146.593185
4850.354004	-149.302414
4855.737305	-148.734848
4861.120605	-149.827103
4866.503906	-151.560181
4871.887207	-153.521790
4877.270508	-152.670151
4882.653809	-153.454285
4888.037109	-152.714355
4893.420410	-152.171463
4898.803711	-151.102982
4904.187012	-149.331406
4909.570313	-148.654984
4914.953613	-148.768936
4920.336914	-153.470383
4925.720215	-152.359100
4931.103516	-151.375107
4936.486816	-155.072952
4941.870117	-153.690140
4947.253418	-149.968628
4952.636719	-150.408417
4958.020020	-149.373032
4963.403320	-149.572342
4968.786621	-150.254669
4974.169922	-154.136536
4979.553223	-155.040298
4984.936523	-156.187378
4990.319824	-151.812134
4995.703125	-152.001144
5001.086426	-150.564133
5006.469727	-149.531158
5011.853027	-149.367233
5017.236328	-148.339127
5022.619629	-148.105591
5028.002930	-149.501541
5033.386230	-151.567856
5038.769531	-151.909622
5044.152832	-148.906784
5049.536133	-148.708908
5054.919434	-151.574310
5060.302734	-152.479309
5065.686035	-150.468231
5071.069336	-150.251724
5076.452637	-153.271515
5081.835938	-161.435715
5087.219238	-154.918427
5092.602539	-150.607758
5097.985840	-149.664368
5103.369141	-150.033279
5108.752441	-152.930862
5114.135742	-155.803970
5119.519043	-156.508636
5124.902344	-155.324661
5130.285645	-151.275208
5135.668945	-152.234711
5141.052246	-153.717987
5146.435547	-152.476120
5151.818848	-152.773148
5157.202148	-155.261475
5162.585449	-151.927399
5167.968750	-150.161652
5173.352051	-152.981674
5178.735352	-151.544296
5184.118652	-151.498779
5189.501953	-159.543304
5194.885254	-155.676453
5200.268555	-153.228821
5205.651855	-150.411209
5211.035156	-150.836060
5216.418457	-151.550735
5221.801758	-151.904083
5227.185059	-151.596863
5232.568359	-153.175613
5237.951660	-150.011139
5243.334961	-150.482712
5248.718262	-156.258514
5254.101563	-159.195740
5259.484863	-154.661682
5264.868164	-152.283096
5270.251465	-150.273087
5275.634766	-152.158768
5281.018066	-151.010941
5286.401367	-150.427628
5291.784668	-150.958130
5297.167969	-150.750656
5302.551270	-152.878342
5307.934570	-154.264633
5313.317871	-153.922470
5318.701172	-152.556076
5324.084473	-152.477448
5329.467773	-151.363403
5334.851074	-153.331253
5340.234375	-153.099564
5345.617676	-151.598434
5351.000977	-153.127777
5356.384277	-151.931259
5361.767578	-150.724457
5367.150879	-149.669235
5372.534180	-148.858078
5377.917480	-153.143845
5383.300781	-159.166611
5388.684082	-156.254471
5394.067383	-155.357315
5399.450684	-153.769531
5404.833984	-155.721878
5410.217285	-156.143600
5415.600586	-153.220444
5420.983887	-150.839020
5426.367188	-151.144638
5431.750488	-154.064117
5437.133789	-153.239975
5442.517090	-152.515564
5447.900391	-151.944443
5453.283691	-154.401901
5458.666992	-154.547363
5464.050293	-157.413971
5469.433594	-155.959961
5474.816895	-154.809723
5480.200195	-156.294174
5485.583496	-156.488571
5490.966797	-155.377579
5496.350098	-156.706436
5501.733398	-155.416794
5507.116699	-154.761948
5512.500000	-158.229660
5517.883301	-157.779572
5523.266602	-153.374283
5528.649902	-151.936035
5534.033203	-153.944962
5539.416504	-152.615906
5544.799805	-151.642899
5550.183105	-152.205170
5555.566406	-152.261597
5560.949707	-151.437164
5566.333008	-154.635727
5571.716309	-156.405151
5577.099609	-154.896652
5582.482910	-160.224609
5587.866211	-159.704361
5593.249512	-158.683151
5598.632813	-157.389267
5604.016113	-155.924622
5609.399414	-155.034058
5614.782715	-153.577866
5620.166016	-154.270706
5625.549316	-154.598190
5630.932617	-151.933868
5636.315918	-155.054169
5641.699219	-155.129486
5647.082520	-153.538864
5652.465820	-156.353256
5657.849121	-160.801697
5663.232422	-154.727859
5668.615723	-154.336075
5673.999023	-156.552124
5679.382324	-156.486618
5684.765625	-152.923431
5690.148926	-151.733307
5695.532227	-151.626541
5700.915527	-151.426636
5706.298828	-153.248840
5711.682129	-156.615311
5717.065430	-158.213837
5722.448730	-161.335785
5727.832031	-155.501404
5733.215332	-154.111267
5738.598633	-158.611679
5743.981934	-154.937134
5749.365234	-154.451935
5754.748535	-159.081528
5760.131836	-157.878845
5765.515137	-156.430542
5770.898438	-154.185852
5776.281738	-156.559357
5781.665039	-159.198898
5787.048340	-155.733795
5792.431641	-154.814423
5797.814941	-154.877029
5803.198242	-155.374344
5808.581543	-154.833389
5813.964844	-156.756470
5819.348145	-156.148987
5824.731445	-154.165619
5830.114746	-158.219147
5835.498047	-162.862808
5840.881348	-156.016418
5846.264648	-155.732300
5851.647949	-156.562424
5857.031250	-155.428726
5862.414551	-159.800476
5867.797852	-160.791809
5873.181152	-156.549255
5878.564453	-156.040726
5883.947754	-156.982376
5889.331055	-157.185501
5894.714355	-158.983292
5900.097656	-158.695953
5905.480957	-157.900375
5910.864258	-157.593155
5916.247559	-158.067261
5921.630859	-157.325165
5927.014160	-155.841095
5932.397461	-156.173508
5937.780762	-155.418625
5943.164063	-153.911667
5948.547363	-153.734329
5953.930664	-156.474945
5959.313965	-158.850296
5964.697266	-158.160339
5970.080566	-159.004211
5975.463867	-156.906372
5980.847168	-154.490692
5986.230469	-161.089325
5991.613770	-157.346146
5996.997070	-156.370987
6002.380371	-157.512924
6007.763672	-158.686035
6013.146973	-159.036057
6018.530273	-159.648041
6023.913574	-162.159424
6029.296875	-160.061310
6034.680176	-157.645920
6040.063477	-158.043533
6045.446777	-159.745636
6050.830078	-157.266113
6056.213379	-156.423859
6061.596680	-156.399216
6066.979980	-156.178360
6072.363281	-158.130386
6077.746582	-159.457886
6083.129883	-159.255646
6088.513184	-157.655823
6093.896484	-157.007935
6099.279785	-158.863098
6104.663086	-159.075287
6110.046387	-160.288773
6115.429688	-159.078552
6120.812988	-158.411530
6126.196289	-160.145477
6131.579590	-158.889313
6136.962891	-160.729675
6142.346191	-159.897583
6147.729492	-157.418091
6153.112793	-156.650833
6158.496094	-156.344650
6163.879395	-157.520584
6169.262695	-162.072311
6174.645996	-160.158966
6180.029297	-157.851212
6185.412598	-158.849899
6190.795898	-164.837921
6196.179199	-161.941498
6201.562500	-160.763031
6206.945801	-161.128540
6212.329102	-158.257980
6217.712402	-157.779999
6223.095703	-159.412979
6228.479004	-158.636398
6233.862305	-159.560059
6239.245605	-160.871597
6244.628906	-161.399750
6250.012207	-162.947220
6255.395508	-162.613983
6260.778809	-160.318787
6266.162109	-161.426178
6271.545410	-159.978394
6276.928711	-160.603561
6282.312012	-157.679291
6287.695313	-161.201675
6293.078613	-159.075729
6298.461914	-157.111908
6303.845215	-156.787354
6309.228516	-157.848633
6314.611816	-158.288193
6319.995117	-158.377365
6325.378418	-159.437500
6330.761719	-160.532272
6336.145020	-159.826614
6341.528320	-160.387451
6346.911621	-159.483307
6352.294922	-158.129227
6357.678223	-157.936584
6363.061523	-160.781677
6368.444824	-164.309097
6373.828125	-161.598282
6379.211426	-164.849976
6384.594727	-162.685837
6389.978027	-161.251251
6395.361328	-160.788086
6400.744629	-162.782135
6406.127930	-164.529449
6411.511230	-162.402939
6416.894531	-160.214935
6422.277832	-158.464676
6427.661133	-159.629471
6433.044434	-159.955902
6438.427734	-161.470520
6443.811035	-160.926620
6449.194336	-159.442856
6454.577637	-161.144470
6459.960938	-166.556808
6465.344238	-166.070679
6470.727539	-160.684952
6476.110840	-158.072739
6481.494141	-157.621964
6486.877441	-158.503525
6492.260742	-160.964264
6497.644043	-161.518295
6503.027344	-160.649506
6508.410645	-163.115463
6513.793945	-158.254807
6519.177246	-157.747482
6524.560547	-161.404617
6529.943848	-161.312195
6535.327148	-161.077026
6540.710449	-163.767654
6546.093750	-162.143616
6551.477051	-159.394470
6556.860352	-161.336380
6562.243652	-165.351593
6567.626953	-163.975327
6573.010254	-162.210510
6578.393555	-166.885040
6583.776855	-162.364319
6589.160156	-162.548126
6594.543457	-165.399597
6599.926758	-164.186050
6605.310059	-162.341751
6610.693359	-164.251785
6616.076660	-162.451492
6621.459961	-161.027557
6626.843262	-160.745880
6632.226563	-159.521606
6637.609863	-159.819260
6642.993164	-164.813828
6648.376465	-165.234589
6653.759766	-162.445404
6659.143066	-161.217651
6664.526367	-160.882309
6669.909668	-160.202713
6675.292969	-161.530258
6680.676270	-163.454269
6686.059570	-163.502899
6691.442871	-164.233887
6696.826172	-167.337738
6702.209473	-164.457275
6707.592773	-162.276108
6712.976074	-161.575272
6718.359375	-161.172226
6723.742676	-161.385376
6729.125977	-162.553635
6734.509277	-162.267685
6739.892578	-162.726425
6745.275879	-162.321808
6750.659180	-164.929214
6756.042480	-163.055054
6761.425781	-164.722885
6766.809082	-167.396576
6772.192383	-162.400970
6777.575684	-163.240372
6782.958984	-165.185928
6788.342285	-165.760147
6793.725586	-167.739822
6799.108887	-166.290985
6804.492188	-167.411804
6809.875488	-162.832748
6815.258789	-165.367294
6820.642090	-166.959747
6826.025391	-165.394348
6831.408691	-165.613922
6836.791992	-166.519150
6842.175293	-167.850296
6847.558594	-165.326019
6852.941895	-162.070053
6858.325195	-164.905060
6863.708496	-168.244339
6869.091797	-163.997910
6874.475098	-164.810669
6879.858398	-167.118195
6885.241699	-165.048859
6890.625000	-166.981552
6896.008301	-166.791779
6901.391602	-166.046432
6906.774902	-166.190598
6912.158203	-165.076706
6917.541504	-164.087585
6922.924805	-165.714508
6928.308105	-168.260590
6933.691406	-164.288727
6939.074707	-164.606308
6944.458008	-165.028183
6949.841309	-168.833084
6955.224609	-167.911133
6960.607910	-165.306458
6965.991211	-163.806702
6971.374512	-165.817413
6976.757813	-164.064545
6982.141113	-162.421310
6987.524414	-165.174545
6992.907715	-165.333054
6998.291016	-163.842453
7003.674316	-166.970703
7009.057617	-165.549225
7014.440918	-165.813370
7019.824219	-165.830597
7025.207520	-168.533035
7030.590820	-165.712784
7035.974121	-163.799744
7041.357422	-166.542587
7046.740723	-166.984116
7052.124023	-165.330826
7057.507324	-165.346725
7062.890625	-165.594452
7068.273926	-164.773636
7073.657227	-165.388336
7079.040527	-166.967529
7084.423828	-167.637802
7089.807129	-166.673828
7095.190430	-166.992905
7100.573730	-165.872208
7105.957031	-165.733765
7111.340332	-164.226410
7116.723633	-168.386795
7122.106934	-168.290985
7127.490234	-170.120209
7132.873535	-174.019928
7138.256836	-166.641891
7143.640137	-167.488495
7149.023438	-167.411240
7154.406738	-165.944550
7159.790039	-166.311737
7165.173340	-170.150818
7170.556641	-172.576050
7175.939941	-170.304810
7181.323242	-167.383011
7186.706543	-164.017593
7192.089844	-167.825272
7197.473145	-169.482346
7202.856445	-169.009338
7208.239746	-167.792938
7213.623047	-166.408371
7219.006348	-164.904312
7224.389648	-163.714905
7229.772949	-164.027710
7235.156250	-166.139160
7240.539551	-167.733414
7245.922852	-165.216354
7251.306152	-164.672867
7256.689453	-165.960037
7262.072754	-169.118118
7267.456055	-169.356796
7272.839355	-168.091949
7278.222656	-169.046539
7283.605957	-166.323013
7288.989258	-164.539566
7294.372559	-165.399673
7299.755859	-168.300079
7305.139160	-169.479004
7310.522461	-169.509262
7315.905762	-172.166245
7321.289063	-169.183807
7326.672363	-169.045898
7332.055664	-170.307556
7337.438965	-169.427277
7342.822266	-169.729370
7348.205566	-170.312332
7353.588867	-165.573517
7358.972168	-167.394684
7364.355469	-167.847656
7369.738770	-172.360428
7375.122070	-170.740005
7380.505371	-168.059402
7385.888672	-171.900696
7391.271973	-168.613693
7396.655273	-168.840973
7402.038574	-169.609573
7407.421875	-171.641235
7412.805176	-171.976486
7418.188477	-170.945892
7423.571777	-173.438461
7428.955078	-170.783157
7434.338379	-168.379669
7439.721680	-170.830994
7445.104980	-170.846573
7450.488281	-171.318420
7455.871582	-170.793427
7461.254883	-168.005737
7466.638184	-168.810440
7472.021484	-168.861145
7477.404785	-169.861496
7482.788086	-169.973969
7488.171387	-170.867096
7493.554688	-170.199951
7498.937988	-168.135742
7504.321289	-170.366867
7509.704590	-174.147308
7515.087891	-177.645386
7520.471191	-173.405182
7525.854492	-168.397125
7531.237793	-168.852890
7536.621094	-171.780975
7542.004395	-169.146881
7547.387695	-167.299179
7552.770996	-170.125549
7558.154297	-168.098694
7563.537598	-170.316101
7568.920898	-167.872055
7574.304199	-169.055984
7579.687500	-172.866318
7585.070801	-170.056305
7590.454102	-168.351730
7595.837402	-169.502945
7601.220703	-170.865356
7606.604004	-170.381271
7611.987305	-170.915131
7617.370605	-169.569122
7622.753906	-172.514420
7628.137207	-173.795486
7633.520508	-174.887238
7638.903809	-176.077057
7644.287109	-171.482834
7649.670410	-171.061905
7655.053711	-171.988480
7660.437012	-172.099045
7665.820313	-170.664291
7671.203613	-170.152206
7676.586914	-172.879044
7681.970215	-175.640411
7687.353516	-173.388443
7692.736816	-171.962280
7698.120117	-171.685699
7703.503418	-171.142792
7708.886719	-172.041168
7714.270020	-169.392426
7719.653320	-173.362228
7725.036621	-177.852356
7730.419922	-171.624313
7735.803223	-174.979645
7741.186523	-176.844482
7746.569824	-174.736298
7751.953125	-173.443588
7757.336426	-172.203766
7762.719727	-173.799744
7768.103027	-175.092194
7773.486328	-175.228027
7778.869629	-173.190918
7784.252930	-178.367142
7789.636230	-172.529922
7795.019531	-173.992401
7800.402832	-174.715042
7805.786133	-176.286499
7811.169434	-172.881622
7816.552734	-170.170227
7821.936035	-172.458420
7827.319336	-174.465057
7832.702637	-172.436203
7838.085938	-174.631027
7843.469238	-174.809464
7848.852539	-171.488281
7854.235840	-171.507660
7859.619141	-177.910095
7865.002441	-173.891235
7870.385742	-169.864105
7875.769043	-170.150421
7881.152344	-172.797012
7886.535645	-173.025284
7891.918945	-176.358871
7897.302246	-174.012436
7902.685547	-174.282074
7908.068848	-175.607849
7913.452148	-173.801315
7918.835449	-173.884903
7924.218750	-174.538757
7929.602051	-172.654999
7934.985352	-177.202042
7940.368652	-174.339157
7945.751953	-174.913116
7951.135254	-178.125076
7956.518555	-174.621094
7961.901855	-172.807388
7967.285156	-171.496140
7972.668457	-174.063721
7978.051758	-178.089676
7983.435059	-173.307220
7988.818359	-172.844055
7994.201660	-174.109146
7999.584961	-178.430405
8004.968262	-176.089722
8010.351563	-175.524429
8015.734863	-175.684082
8021.118164	-172.485168
8026.501465	-174.258606
8031.884766	-180.533142
8037.268066	-175.771683
8042.651367	-175.693329
8048.034668	-173.259171
8053.417969	-174.791656
8058.801270	-176.481476
8064.184570	-175.545197
8069.567871	-173.588516
8074.951172	-173.511795
8080.334473	-171.184357
8085.717773	-173.367249
8091.101074	-173.894699
8096.484375	-175.762909
8101.867676	-175.846527
8107.250977	-173.260529
8112.634277	-176.711044
8118.017578	-177.399231
8123.400879	-179.267700
8128.784180	-173.011017
8134.167480	-174.802887
8139.550781	-170.993164
8144.934082	-174.604202
8150.317383	-171.962280
8155.700684	-171.488373
8161.083984	-175.440628
8166.467285	-176.575699
8171.850586	-177.869171
8177.233887	-174.735336
8182.617188	-177.177368
8188.000488	-174.825546
8193.383789	-173.976578
8198.767090	-175.277618
8204.150391	-174.786240
8209.533691	-172.656387
8214.916992	-171.820877
8220.300293	-172.737854
8225.683594	-173.885956
8231.066895	-179.847382
8236.450195	-178.940430
8241.833496	-174.858963
8247.216797	-177.663193
8252.600098	-181.053375
8257.983398	-173.066498
8263.366699	-173.611343
8268.750000	-177.148605
8274.133301	-176.603134
8279.516602	-176.340103
8284.899902	-174.428833
8290.283203	-176.522537
8295.666504	-174.254898
8301.049805	-175.450333
8306.433105	-177.010880
8311.816406	-177.874496
8317.199707	-175.435501
8322.583008	-179.714447
8327.966309	-178.269806
8333.349609	-173.246140
8338.732910	-173.437119
8344.116211	-176.060196
8349.499512	-174.346863
8354.882813	-172.527313
8360.266113	-174.026962
8365.649414	-175.599640
8371.032715	-177.898804
8376.416016	-176.543655
8381.799316	-171.918213
8387.182617	-179.551285
8392.565918	-177.728882
8397.949219	-181.986725
8403.332520	-175.748032
8408.715820	-176.220245
8414.099121	-176.784271
8419.482422	-177.712402
8424.865723	-177.872223
8430.249023	-176.172104
8435.632324	-177.546295
8441.015625	-177.667496
8446.398926	-176.719147
8451.782227	-175.857300
8457.165527	-174.588104
8462.548828	-176.321777
8467.932129	-179.189713
8473.315430	-181.019577
8478.698730	-175.942856
8484.082031	-178.240768
8489.465332	-176.330139
8494.848633	-176.574326
8500.231934	-176.560333
8505.615234	-179.663727
8510.998535	-177.659119
8516.381836	-176.119263
8521.765137	-180.906815
8527.148438	-180.747589
8532.531738	-179.402603
8537.915039	-174.758652
8543.298340	-179.163910
8548.681641	-178.846802
8554.064941	-177.617523
8559.448242	-179.617020
8564.831543	-180.478409
8570.214844	-180.514786
8575.598145	-179.098206
8580.981445	-181.180237
8586.364746	-177.780579
8591.748047	-177.908554
8597.131348	-180.064484
8602.514648	-180.909134
8607.897949	-180.434372
8613.281250	-179.789520
8618.664551	-180.037079
8624.047852	-179.110992
8629.431152	-175.876495
8634.814453	-179.881836
8640.197754	-178.289932
8645.581055	-180.129242
8650.964355	-178.340302
8656.347656	-179.119690
8661.730957	-183.871323
8667.114258	-179.345261
8672.497559	-179.077286
8677.880859	-179.892151
8683.264160	-177.554596
8688.647461	-180.271774
8694.030762	-178.841049
8699.414063	-177.282684
8704.797363	-180.404770
8710.180664	-177.210388
8715.563965	-174.385025
8720.947266	-175.624359
8726.330566	-178.987915
8731.713867	-182.262222
8737.097168	-179.808136
8742.480469	-178.023941
8747.863770	-178.537338
8753.247070	-180.726822
8758.630371	-183.009323
8764.013672	-179.954605
8769.396973	-179.320084
8774.780273	-183.712357
8780.163574	-182.054459
8785.546875	-179.833755
8790.930176	-180.078751
8796.313477	-181.889511
8801.696777	-181.207199
8807.080078	-183.000534
8812.463379	-182.355850
8817.846680	-176.392075
8823.229980	-175.652542
8828.613281	-179.741058
8833.996582	-184.115677
8839.379883	-184.452011
8844.763184	-181.491241
8850.146484	-179.339523
8855.529785	-175.652786
8860.913086	-181.572876
8866.296387	-175.482208
8871.679688	-178.829086
8877.062988	-183.701355
8882.446289	-181.536438
8887.829590	-180.050369
8893.212891	-176.692307
8898.596191	-179.684921
8903.979492	-184.472504
8909.362793	-177.875824
8914.746094	-180.851151
8920.129395	-180.596603
8925.512695	-181.330887
8930.895996	-179.731064
8936.279297	-179.083374
8941.662598	-179.162170
8947.045898	-180.078262
8952.429199	-180.750412
8957.812500	-179.435333
8963.195801	-179.529526
8968.579102	-176.615372
8973.962402	-175.098526
8979.345703	-181.181671
8984.729004	-182.477005
8990.112305	-179.816467
8995.495605	-179.203674
9000.878906	-179.344131
9006.262207	-177.120316
9011.645508	-179.526230
9017.028809	-183.132690
9022.412109	-183.455582
9027.795410	-180.079147
9033.178711	-177.389511
9038.562012	-182.687286
9043.945313	-182.122803
9049.328613	-175.878189
9054.711914	-180.153473
9060.095215	-175.058975
9065.478516	-179.468567
9070.861816	-175.471024
9076.245117	-173.077774
9081.628418	-190.397751
9087.011719	-182.467422
9092.395020	-176.642731
9097.778320	-178.330338
9103.161621	-181.914474
9108.544922	-188.348175
9113.928223	-182.289413
9119.311523	-178.407288
9124.694824	-181.746307
9130.078125	-185.496475
9135.461426	-188.997025
9140.844727	-184.980698
9146.228027	-179.164246
9151.611328	-180.330902
9156.994629	-178.506180
9162.377930	-179.899979
9167.761230	-179.450775
9173.144531	-182.798874
9178.527832	-181.531601
9183.911133	-181.631104
9189.294434	-182.993210
9194.677734	-187.293930
9200.061035	-183.979538
9205.444336	-177.292191
9210.827637	-177.359558
9216.210938	-180.665436
9221.594238	-181.776428
9226.977539	-179.444244
9232.360840	-181.853760
9237.744141	-177.200562
9243.127441	-178.554321
9248.510742	-182.149597
9253.894043	-178.434128
9259.277344	-181.630371
9264.660645	-179.893570
9270.043945	-184.655014
9275.427246	-183.271713
9280.810547	-179.662247
9286.193848	-181.771744
9291.577148	-181.689346
9296.960449	-177.170059
9302.343750	-177.170288
9307.727051	-182.024277
9313.110352	-185.309921
9318.493652	-184.597015
9323.876953	-181.839722
9329.260254	-183.735641
9334.643555	-185.668045
9340.026855	-184.660080
9345.410156	-181.799255
9350.793457	-184.675827
9356.176758	-181.904099
9361.560059	-182.530579
9366.943359	-182.353714
9372.326660	-186.096237
9377.709961	-179.794861
9383.093262	-180.566589
9388.476563	-184.558441
9393.859863	-180.146515
9399.243164	-179.824051
9404.626465	-188.258270
9410.009766	-182.706192
9415.393066	-180.889938
9420.776367	-180.893372
9426.159668	-183.018875
9431.542969	-184.954926
9436.926270	-180.022797
9442.309570	-182.046494
9447.692871	-178.762848
9453.076172	-185.255615
9458.459473	-183.999832
9463.842773	-180.774597
9469.226074	-181.005630
9474.609375	-179.851013
9479.992676	-183.054794
9485.375977	-179.971893
9490.759277	-179.199554
9496.142578	-180.480316
9501.525879	-183.994675
9506.909180	-175.944672
9512.292480	-176.437836
9517.675781	-185.160706
9523.059082	-180.054001
9528.442383	-179.934311
9533.825684	-173.305054
9539.208984	-177.533020
9544.592285	-175.262115
9549.975586	-173.464142
9555.358887	-179.748337
9560.742188	-182.204803
9566.125488	-180.696747
9571.508789	-191.946304
9576.892090	-179.489777
9582.275391	-183.386978
9587.658691	-178.633423
9593.041992	-180.126831
9598.425293	-183.902191
9603.808594	-173.504059
9609.191895	-181.892563
9614.575195	-180.536423
9619.958496	-182.593414
9625.341797	-178.547119
9630.725098	-181.454117
9636.108398	-183.262589
9641.491699	-183.320831
9646.875000	-181.300720
9652.258301	-181.485947
9657.641602	-184.860840
9663.024902	-185.086548
9668.408203	-182.924011
9673.791504	-180.776596
9679.174805	-180.696121
9684.558105	-180.401093
9689.941406	-180.120972
9695.324707	-181.838165
9700.708008	-182.147217
9706.091309	-181.267441
9711.474609	-179.178345
9716.857910	-183.334915
9722.241211	-181.030350
9727.624512	-177.890564
9733.007813	-181.949875
9738.391113	-176.618301
9743.774414	-178.358047
9749.157715	-166.819046
9754.541016	-174.815750
9759.924316	-176.322495
9765.307617	-177.326187
9770.690918	-177.832031
9776.074219	-170.629440
9781.457520	-174.300964
9786.840820	-176.792618
9792.224121	-177.727203
9797.607422	-177.833176
9802.990723	-179.106873
9808.374023	-186.252090
9813.757324	-183.522354
9819.140625	-183.135544
9824.523926	-182.137817
9829.907227	-184.446136
9835.290527	-183.897003
9840.673828	-182.463150
9846.057129	-181.473618
9851.440430	-182.286484
9856.823730	-182.134842
9862.207031	-177.335159
9867.590332	-181.665344
9872.973633	-179.782623
9878.356934	-182.938263
9883.740234	-184.430939
9889.123535	-183.776093
9894.506836	-182.230759
9899.890137	-184.384796
9905.273438	-188.929993
9910.656738	-190.065475
9916.040039	-182.637665
9921.423340	-185.494278
9926.806641	-187.279099
9932.189941	-186.578629
9937.573242	-182.262650
9942.956543	-187.952011
9948.339844	-183.687485
9953.723145	-175.449295
9959.106445	-174.811508
9964.489746	-190.878418
9969.873047	-182.398361
9975.256348	-181.780945
9980.639648	-183.848663
9986.022949	-183.647202
9991.406250	-181.917145
9996.789551	-187.152267
10002.172852	-183.016220
10007.556152	-184.544266
10012.939453	-184.351120
10018.322754	-188.332184
10023.706055	-185.057495
10029.089355	-181.057434
10034.472656	-187.235413
10039.855957	-184.876236
10045.239258	-182.136398
10050.622559	-186.674835
10056.005859	-185.029709
10061.389160	-182.305374
10066.772461	-180.059113
10072.155762	-187.806549
10077.539063	-183.905045
10082.922363	-182.134537
10088.305664	-185.236954
10093.688965	-183.457642
10099.072266	-182.017426
10104.455566	-180.186905
10109.838867	-181.590057
10115.222168	-181.714706
10120.605469	-181.018921
10125.988770	-188.005753
10131.372070	-181.111145
10136.755371	-182.088333
10142.138672	-181.677795
10147.521973	-181.600281
10152.905273	-180.847351
10158.288574	-184.584015
10163.671875	-182.386398
10169.055176	-181.777191
10174.438477	-183.948456
10179.821777	-187.374924
10185.205078	-184.350601
10190.588379	-180.576630
10195.971680	-181.010651
10201.354980	-178.523361
10206.738281	-183.034607
10212.121582	-177.061447
10217.504883	-180.701126
10222.888184	-181.518738
10228.271484	-177.651184
10233.654785	-177.401016
10239.038086	-180.298065
10244.421387	-182.363861
10249.804688	-181.603531
10255.187988	-177.604218
10260.571289	-190.815460
10265.954590	-179.731232
10271.337891	-180.676758
10276.721191	-187.266602
10282.104492	-184.770905
10287.487793	-181.482071
10292.871094	-181.737000
10298.254395	-179.501999
10303.637695	-182.725922
10309.020996	-175.770767
10314.404297	-184.113113
10319.787598	-172.261169
10325.170898	-182.106094
10330.554199	-184.730972
10335.937500	-182.562744
10341.320801	-182.422348
10346.704102	-185.849594
10352.087402	-190.575500
10357.470703	-181.226120
10362.854004	-186.113693
10368.237305	-183.042252
10373.620605	-179.240158
10379.003906	-180.986435
10384.387207	-188.623688
10389.770508	-186.736145
10395.153809	-179.566360
10400.537109	-180.697556
10405.920410	-182.840485
10411.303711	-179.961777
10416.687012	-189.708939
10422.070313	-181.972733
10427.453613	-176.797089
10432.836914	-179.181976
10438.220215	-185.235687
10443.603516	-179.680969
10448.986816	-186.154953
10454.370117	-184.182785
10459.753418	-179.592850
10465.136719	-185.389771
10470.520020	-189.122757
10475.903320	-188.059235
10481.286621	-180.942169
10486.669922	-182.697830
10492.053223	-181.648849
10497.436523	-182.235092
10502.819824	-183.647247
10508.203125	-183.603455
10513.586426	-183.939835
10518.969727	-185.266541
10524.353027	-188.028397
10529.736328	-183.811050
10535.119629	-183.370010
10540.502930	-180.113983
10545.886230	-182.984467
10551.269531	-188.122177
10556.652832	-181.029694
10562.036133	-185.391235
10567.419434	-184.285034
10572.802734	-180.772766
10578.186035	-182.724319
10583.569336	-185.900681
10588.952637	-183.989777
10594.335938	-182.427338
10599.719238	-187.265396
10605.102539	-184.744720
10610.485840	-191.913879
10615.869141	-186.956497
10621.252441	-183.629913
10626.635742	-189.555435
10632.019043	-184.902023
10637.402344	-184.651443
10642.785645	-184.044327
10648.168945	-185.517029
10653.552246	-182.148743
10658.935547	-184.475510
10664.318848	-181.884109
10669.702148	-175.330551
10675.085449	-184.240662
10680.468750	-184.756592
10685.852051	-177.996185
10691.235352	-184.333771
10696.618652	-180.801895
10702.001953	-188.359726
10707.385254	-178.885468
10712.768555	-181.572693
10718.151855	-181.786453
10723.535156	-187.839432
10728.918457	-182.139877
10734.301758	-184.965454
10739.685059	-184.818481
10745.068359	-182.636612
10750.451660	-183.826706
10755.834961	-185.643585
10761.218262	-188.704391
10766.601563	-187.635422
10771.984863	-191.121735
10777.368164	-191.245544
10782.751465	-185.222672
10788.134766	-186.312317
10793.518066	-180.999344
10798.901367	-190.884903
10804.284668	-185.208298
10809.667969	-188.667572
10815.051270	-182.711334
10820.434570	-188.850143
10825.817871	-190.168198
10831.201172	-185.527588
10836.584473	-186.035507
10841.967773	-186.558365
10847.351074	-180.258362
10852.734375	-182.297836
10858.117676	-184.140335
10863.500977	-184.523468
10868.884277	-180.187180
10874.267578	-182.985687
10879.650879	-187.024902
10885.034180	-183.453888
10890.417480	-185.254578
10895.800781	-181.967728
10901.184082	-179.464676
10906.567383	-183.399673
10911.950684	-178.196304
10917.333984	-181.548981
10922.717285	-186.659454
10928.100586	-178.162201
10933.483887	-175.742599
10938.867188	-175.230240
10944.250488	-182.326294
10949.633789	-186.149612
10955.017090	-185.590347
10960.400391	-184.092026
10965.783691	-179.892715
10971.166992	-187.285278
10976.550293	-182.609222
10981.933594	-181.245865
10987.316895	-182.786652
10992.700195	-183.540268
10998.083496	-185.547897
11003.466797	-184.433838
11008.850098	-179.706589
11014.233398	-179.755096
11019.616699	-189.730164
11025.000000	-186.481308
11030.383301	-185.240646
11035.766602	-188.546387
11041.149902	-188.638229
11046.533203	-180.325775
11051.916504	-186.472748
11057.299805	-182.033600
11062.683105	-186.292206
11068.066406	-183.334717
11073.449707	-186.052460
11078.833008	-181.224380
11084.216309	-187.356918
11089.599609	-184.881821
11094.982910	-187.457764
11100.366211	-184.770844
11105.749512	-184.013596
11111.132813	-184.706268
11116.516113	-183.133347
11121.899414	-182.426880
11127.282715	-182.329056
11132.666016	-178.939209
11138.049316	-180.571579
11143.432617	-185.673126
11148.815918	-179.508713
11154.199219	-186.364380
11159.582520	-176.768982
11164.965820	-180.408157
11170.349121	-188.083389
11175.732422	-181.034927
11181.115723	-182.884460
11186.499023	-181.638672
11191.882324	-179.095352
11197.265625	-176.953445
11202.648926	-177.467026
11208.032227	-181.102905
11213.415527	-184.032639
11218.798828	-182.768646
11224.182129	-185.398483
11229.565430	-184.044952
11234.948730	-185.534668
11240.332031	-183.197128
11245.715332	-190.276566
11251.098633	-185.460510
11256.481934	-189.038956
11261.865234	-187.545029
11267.248535	-182.989441
11272.631836	-185.540665
11278.015137	-185.472168
11283.398438	-182.253479
11288.781738	-186.580826
11294.165039	-186.988907
11299.548340	-184.935287
11304.931641	-181.061371
11310.314941	-185.265671
11315.698242	-185.222519
11321.081543	-182.410843
11326.464844	-187.876251
11331.848145	-189.928558
11337.231445	-182.873001
11342.614746	-184.113617
11347.998047	-182.718079
11353.381348	-179.801224
11358.764648	-187.254929
11364.147949	-184.403473
11369.531250	-182.517273
11374.914551	-178.865982
11380.297852	-191.045532
11385.681152	-187.589920
11391.064453	-183.233841
11396.447754	-187.183502
11401.831055	-184.925781
11407.214355	-183.600418
11412.597656	-183.659836
11417.980957	-188.646866
11423.364258	-187.071930
11428.747559	-184.233200
11434.130859	-181.309341
11439.514160	-185.785858
11444.897461	-187.462418
11450.280762	-186.085602
11455.664063	-188.153931
11461.047363	-183.822830
11466.430664	-184.316330
11471.813965	-191.065628
11477.197266	-180.540100
11482.580566	-184.833252
11487.963867	-184.908279
11493.347168	-181.186325
11498.730469	-183.442535
11504.113770	-181.613495
11509.497070	-181.470978
11514.880371	-181.309784
11520.263672	-181.400116
11525.646973	-184.598816
11531.030273	-189.542236
11536.413574	-183.848251
11541.796875	-181.734863
11547.180176	-186.278046
11552.563477	-178.573654
11557.946777	-176.642502
11563.330078	-177.550781
11568.713379	-182.125671
11574.096680	-185.876144
11579.479980	-178.329376
11584.863281	-188.663055
11590.246582	-183.623047
11595.629883	-187.620758
11601.013184	-179.604752
11606.396484	-182.177856
11611.779785	-183.398972
11617.163086	-179.630188
11622.546387	-183.928207
11627.929688	-183.611542
11633.312988	-182.109238
11638.696289	-182.412766
11644.079590	-184.786850
11649.462891	-193.290939
11654.846191	-182.381058
11660.229492	-184.782562
11665.612793	-180.944595
11670.996094	-184.906647
11676.379395	-186.791733
11681.762695	-178.404144
11687.145996	-184.536514
11692.529297	-181.661102
11697.912598	-184.243912
11703.295898	-183.981140
11708.679199	-183.395172
11714.062500	-182.915604
11719.445801	-181.802917
11724.829102	-171.877396
11730.212402	-178.561157
11735.595703	-183.651901
11740.979004	-172.419510
11746.362305	-172.314728
11751.745605	-175.017563
11757.128906	-177.186859
11762.512207	-184.209091
11767.895508	-190.491379
11773.278809	-183.703552
11778.662109	-180.715332
11784.045410	-183.361404
11789.428711	-182.067383
11794.812012	-181.173523
11800.195313	-183.931854
11805.578613	-178.029480
11810.961914	-183.424179
11816.345215	-181.455292
11821.728516	-177.110962
11827.111816	-177.028687
11832.495117	-177.893066
11837.878418	-183.257706
11843.261719	-186.411682
11848.645020	-180.850616
11854.028320	-175.240768
11859.411621	-179.682159
11864.794922	-179.266037
11870.178223	-181.490936
11875.561523	-189.585892
11880.944824	-182.238388
11886.328125	-182.483429
11891.711426	-180.986038
11897.094727	-183.139954
11902.478027	-181.374603
11907.861328	-185.238174
11913.244629	-187.188721
11918.627930	-178.135300
11924.011230	-187.644287
11929.394531	-184.833496
11934.777832	-182.255875
11940.161133	-183.325134
11945.544434	-180.203415
11950.927734	-181.261047
11956.311035	-181.971436
11961.694336	-181.121216
11967.077637	-183.180054
11972.460938	-182.223694
11977.844238	-185.404266
11983.227539	-181.526138
11988.610840	-181.876236
11993.994141	-180.305923
11999.377441	-180.623764
12004.760742	-176.852295
12010.144043	-181.684326
12015.527344	-187.287247
12020.910645	-183.045746
12026.293945	-182.043823
12031.677246	-185.453323
12037.060547	-181.499268
12042.443848	-180.965454
12047.827148	-178.838654
12053.210449	-180.634888
12058.593750	-182.407578
12063.977051	-187.218552
12069.360352	-186.188049
12074.743652	-186.836945
12080.126953	-190.627426
12085.510254	-175.869095
12090.893555	-178.846954
12096.276855	-177.349991
12101.660156	-184.513412
12107.043457	-185.764496
12112.426758	-182.154480
12117.810059	-183.730545
12123.193359	-184.853699
12128.576660	-182.674561
12133.959961	-184.910522
12139.343262	-179.671417
12144.726563	-182.876358
12150.109863	-185.007492
12155.493164	-182.831757
12160.876465	-186.134827
12166.259766	-187.240875
12171.643066	-183.039459
12177.026367	-181.338074
12182.409668	-179.370117
12187.792969	-179.538834
12193.176270	-182.409302
12198.559570	-181.692200
12203.942871	-176.967316
12209.326172	-184.881393
12214.709473	-185.344879
12220.092773	-185.781158
12225.476074	-180.526337
12230.859375	-180.535706
12236.242676	-183.296265
12241.625977	-179.169128
12247.009277	-175.410950
12252.392578	-178.859726
12257.775879	-178.675232
12263.159180	-183.823837
12268.542480	-165.614868
12273.925781	-167.207855
12279.309082	-172.882965
12284.692383	-178.378448
12290.075684	-172.441544
12295.458984	-172.971741
12300.842285	-182.298752
12306.225586	-184.817139
12311.608887	-172.467163
12316.992188	-178.134323
12322.375488	-184.129364
12327.758789	-180.694061
12333.142090	-188.404083
12338.525391	-177.173218
12343.908691	-178.315399
12349.291992	-187.780045
12354.675293	-181.072449
12360.058594	-179.864426
12365.441895	-171.781723
12370.825195	-177.880493
12376.208496	-183.021790
12381.591797	-188.889603
12386.975098	-183.085876
12392.358398	-185.939270
12397.741699	-182.961288
12403.125000	-182.094376
12408.508301	-187.811768
12413.891602	-181.515915
12419.274902	-183.888046
12424.658203	-182.717422
12430.041504	-183.981766
12435.424805	-183.270325
12440.808105	-196.712418
12446.191406	-171.209610
12451.574707	-186.765335
12456.958008	-184.198883
12462.341309	-181.445694
12467.724609	-189.004166
12473.107910	-177.098038
12478.491211	-182.189423
12483.874512	-177.238586
12489.257813	-177.552948
12494.641113	-180.461380
12500.024414	-174.699142
12505.407715	-181.329300
12510.791016	-178.090546
12516.174316	-179.330780
12521.557617	-184.454224
12526.940918	-181.259445
12532.324219	-178.462326
12537.707520	-175.478104
12543.090820	-184.027832
12548.474121	-179.446167
12553.857422	-184.407028
12559.240723	-181.193481
12564.624023	-186.670074
12570.007324	-183.226105
12575.390625	-191.101334
12580.773926	-180.934860
12586.157227	-190.444626
12591.540527	-184.315369
12596.923828	-184.486130
12602.307129	-183.383102
12607.690430	-178.912643
12613.073730	-182.162079
12618.457031	-183.454910
12623.840332	-185.790482
12629.223633	-186.826355
12634.606934	-183.608856
12639.990234	-181.040863
12645.373535	-183.572510
12650.756836	-181.119659
12656.140137	-185.353958
12661.523438	-188.562546
12666.906738	-191.185730
12672.290039	-187.679962
12677.673340	-184.779526
12683.056641	-185.481094
12688.439941	-183.759781
12693.823242	-182.159836
12699.206543	-184.119568
12704.589844	-182.404266
12709.973145	-184.242493
12715.356445	-183.939255
12720.739746	-184.186935
12726.123047	-186.000214
12731.506348	-180.253784
12736.889648	-183.122604
12742.272949	-190.730270
12747.656250	-186.976166
12753.039551	-190.469223
12758.422852	-182.802078
12763.806152	-183.691605
12769.189453	-184.000107
12774.572754	-186.911514
12779.956055	-181.386581
12785.339355	-183.222061
12790.722656	-189.130173
12796.105957	-186.486618
12801.489258	-181.927917
12806.872559	-185.512283
12812.255859	-180.205917
12817.639160	-191.081375
12823.022461	-185.480698
12828.405762	-185.033875
12833.789063	-188.919556
12839.172363	-187.386780
12844.555664	-187.971130
12849.938965	-187.016129
12855.322266	-185.076431
12860.705566	-183.625031
12866.088867	-182.912125
12871.472168	-184.940002
12876.855469	-181.052658
12882.238770	-177.942520
12887.622070	-179.440247
12893.005371	-179.269287
12898.388672	-185.466888
12903.771973	-186.053421
12909.155273	-186.919952
12914.538574	-185.629425
12919.921875	-186.542191
12925.305176	-183.132889
12930.688477	-187.364578
12936.071777	-184.864853
12941.455078	-188.242538
12946.838379	-182.437622
12952.221680	-183.076874
12957.604980	-184.911682
12962.988281	-184.167480
12968.371582	-180.953751
12973.754883	-183.450211
12979.138184	-183.782608
12984.521484	-178.767426
12989.904785	-187.244171
12995.288086	-182.413315
13000.671387	-180.818253
13006.054688	-184.240372
13011.437988	-185.193924
13016.821289	-182.710068
13022.204590	-187.645050
13027.587891	-183.854813
13032.971191	-183.452698
13038.354492	-180.237686
13043.737793	-184.227478
13049.121094	-183.327026
13054.504395	-181.283218
13059.887695	-181.477844
13065.270996	-179.691818
13070.654297	-182.844360
13076.037598	-180.379288
13081.420898	-183.766724
13086.804199	-185.811691
13092.187500	-182.200729
13097.570801	-188.641129
13102.954102	-190.506439
13108.337402	-182.670380
13113.720703	-178.625153
13119.104004	-184.263962
13124.487305	-184.988892
13129.870605	-181.082047
13135.253906	-183.505997
13140.637207	-183.324310
13146.020508	-183.043213
13151.403809	-185.213181
13156.787109	-189.915604
13162.170410	-183.743195
13167.553711	-185.254532
13172.937012	-184.610382
13178.320313	-187.464111
13183.703613	-186.484634
13189.086914	-184.116409
13194.470215	-185.475845
13199.853516	-179.380005
13205.236816	-179.475113
13210.620117	-186.863235
13216.003418	-185.244736
13221.386719	-181.502640
13226.770020	-182.085449
13232.153320	-182.365585
13237.536621	-189.158585
13242.919922	-181.980347
13248.303223	-185.320145
13253.686523	-190.707001
13259.069824	-186.395050
13264.453125	-187.412399
13269.836426	-185.604721
13275.219727	-186.736099
13280.603027	-179.675644
13285.986328	-182.013428
13291.369629	-180.929413
13296.752930	-185.998322
13302.136230	-185.035141
13307.519531	-179.435593
13312.902832	-186.162399
13318.286133	-183.536346
13323.669434	-186.716309
13329.052734	-187.663010
13334.436035	-184.268295
13339.819336	-187.225616
13345.202637	-179.320450
13350.585938	-187.296875
13355.969238	-183.040909
13361.352539	-184.526062
13366.735840	-183.944366
13372.119141	-183.701447
13377.502441	-188.641983
13382.885742	-181.637772
13388.269043	-180.988876
13393.652344	-187.226746
13399.035645	-189.340469
13404.418945	-181.360764
13409.802246	-181.101547
13415.185547	-181.169617
13420.568848	-184.590134
13425.952148	-183.886505
13431.335449	-188.070007
13436.718750	-186.653564
13442.102051	-184.673187
13447.485352	-180.391418
13452.868652	-182.187027
13458.251953	-186.805542
13463.635254	-185.072357
13469.018555	-181.398880
13474.401855	-187.383133
13479.785156	-182.288452
13485.168457	-184.906235
13490.551758	-181.961411
13495.935059	-186.669876
13501.318359	-184.540894
13506.701660	-184.053253
13512.084961	-185.393875
13517.468262	-186.414215
13522.851563	-184.230026
13528.234863	-184.906860
13533.618164	-181.438202
13539.001465	-181.696762
13544.384766	-191.682114
13549.768066	-181.298065
13555.151367	-182.148834
13560.534668	-181.311432
13565.917969	-180.158020
13571.301270	-185.123749
13576.684570	-182.079926
13582.067871	-181.587692
13587.451172	-179.947205
13592.834473	-182.205444
13598.217773	-181.961502
13603.601074	-179.651749
13608.984375	-183.850891
13614.367676	-184.208862
13619.750977	-183.242538
13625.134277	-181.623795
13630.517578	-184.271866
13635.900879	-186.681335
13641.284180	-185.775162
13646.667480	-177.390366
13652.050781	-174.846497
13657.434082	-177.392670
13662.817383	-183.838486
13668.200684	-180.018814
13673.583984	-177.439407
13678.967285	-181.419144
13684.350586	-179.562119
13689.733887	-172.154266
13695.117188	-176.973190
13700.500488	-180.723267
13705.883789	-184.299988
13711.267090	-186.124985
13716.650391	-178.781967
13722.033691	-180.348343
13727.416992	-183.491699
13732.800293	-183.743439
13738.183594	-181.741196
13743.566895	-186.682526
13748.950195	-182.544632
13754.333496	-182.992477
13759.716797	-180.213074
13765.100098	-177.688065
13770.483398	-184.639832
13775.866699	-186.986465
13781.250000	-181.664337
13786.633301	-180.992737
13792.016602	-186.966415
13797.399902	-183.739334
13802.783203	-182.686523
13808.166504	-182.450287
13813.549805	-183.607040
13818.933105	-192.011734
13824.316406	-184.723007
13829.699707	-180.583633
13835.083008	-182.327316
13840.466309	-182.348389
13845.849609	-181.940018
13851.232910	-177.996552
13856.616211	-183.493774
13861.999512	-173.529663
13867.382813	-172.965286
13872.766113	-177.788544
13878.149414	-184.123428
13883.532715	-185.521561
13888.916016	-185.009094
13894.299316	-172.859421
13899.682617	-179.035721
13905.065918	-185.765350
13910.449219	-179.228943
13915.832520	-177.564682
13921.215820	-178.526581
13926.599121	-184.569901
13931.982422	-181.789627
13937.365723	-181.469162
13942.749023	-178.380707
13948.132324	-184.803497
13953.515625	-178.751999
13958.898926	-183.912216
13964.282227	-182.242203
13969.665527	-180.761581
13975.048828	-183.895447
13980.432129	-184.469147
13985.815430	-181.626175
13991.198730	-190.449524
13996.582031	-184.344650
14001.965332	-188.847000
14007.348633	-187.958603
14012.731934	-186.147949
14018.115234	-190.156937
14023.498535	-184.253799
14028.881836	-191.066727
14034.265137	-188.104370
14039.648438	-184.072952
14045.031738	-186.918457
14050.415039	-184.740799
14055.798340	-181.006607
14061.181641	-184.278229
14066.564941	-182.799484
14071.948242	-187.544037
14077.331543	-182.182724
14082.714844	-185.636642
14088.098145	-184.285873
14093.481445	-187.142609
14098.864746	-184.252777
14104.248047	-189.382858
14109.631348	-187.584427
14115.014648	-188.799973
14120.397949	-193.298996
14125.781250	-189.208038
14131.164551	-181.703583
14136.547852	-181.619568
14141.931152	-185.300873
14147.314453	-181.063278
14152.697754	-181.443222
14158.081055	-181.542816
14163.464355	-184.723541
14168.847656	-183.273865
14174.230957	-184.025269
14179.614258	-184.195602
14184.997559	-184.564240
14190.380859	-187.781631
14195.764160	-193.301285
14201.147461	-184.765228
14206.530762	-182.044540
14211.914063	-182.535538
14217.297363	-180.943451
14222.680664	-183.150558
14228.063965	-185.150116
14233.447266	-184.872299
14238.830566	-184.804977
14244.213867	-185.421783
14249.597168	-180.518463
14254.980469	-185.134140
14260.363770	-187.337784
14265.747070	-186.801102
14271.130371	-185.804840
14276.513672	-182.631805
14281.896973	-185.360031
14287.280273	-182.213135
14292.663574	-183.826706
14298.046875	-189.535477
14303.430176	-181.283829
14308.813477	-183.147934
14314.196777	-185.955963
14319.580078	-189.470200
14324.963379	-177.624954
14330.346680	-183.317902
14335.729980	-186.949097
14341.113281	-189.005066
14346.496582	-182.725586
14351.879883	-185.606140
14357.263184	-185.570923
14362.646484	-184.407867
14368.029785	-189.229523
14373.413086	-183.594955
14378.796387	-179.827606
14384.179688	-181.718475
14389.562988	-185.999008
14394.946289	-183.030197
14400.329590	-183.959351
14405.712891	-178.449051
14411.096191	-181.183609
14416.479492	-182.019623
14421.862793	-182.968994
14427.246094	-183.394470
14432.629395	-188.068939
14438.012695	-183.562393
14443.395996	-185.895203
14448.779297	-181.381119
14454.162598	-186.819122
14459.545898	-182.584137
14464.929199	-180.701477
14470.312500	-183.383499
14475.695801	-183.114655
14481.079102	-185.448227
14486.462402	-179.548950
14491.845703	-175.361343
14497.229004	-177.880188
14502.612305	-180.061203
14507.995605	-181.552444
14513.378906	-180.422684
14518.762207	-184.309769
14524.145508	-181.844986
14529.528809	-184.223343
14534.912109	-185.326431
14540.295410	-181.001419
14545.678711	-181.536957
14551.062012	-184.452408
14556.445313	-184.694321
14561.828613	-181.038956
14567.211914	-184.868118
14572.595215	-178.015762
14577.978516	-172.614853
14583.361816	-178.795898
14588.745117	-174.029877
14594.128418	-177.098358
14599.511719	-182.001205
14604.895020	-175.235275
14610.278320	-180.955414
14615.661621	-181.686539
14621.044922	-184.760269
14626.428223	-184.709473
14631.811523	-178.268723
14637.194824	-177.009567
14642.578125	-180.092239
14647.961426	-179.707108
14653.344727	-186.457764
14658.728027	-180.643616
14664.111328	-177.216797
14669.494629	-184.518585
14674.877930	-187.509613
14680.261230	-182.763687
14685.644531	-181.086548
14691.027832	-180.735504
14696.411133	-176.979950
14701.794434	-180.838211
14707.177734	-180.516541
14712.561035	-182.759949
14717.944336	-183.986694
14723.327637	-183.278778
14728.710938	-186.037491
14734.094238	-185.134354
14739.477539	-183.701965
14744.860840	-183.401627
14750.244141	-179.477020
14755.627441	-176.796570
14761.010742	-178.623108
14766.394043	-180.730484
14771.777344	-179.206161
14777.160645	-184.267990
14782.543945	-187.266876
14787.927246	-185.136200
14793.310547	-183.263046
14798.693848	-182.881668
14804.077148	-185.177277
14809.460449	-189.310440
14814.843750	-187.159882
14820.227051	-183.545135
14825.610352	-182.776413
14830.993652	-181.066269
14836.376953	-179.933990
14841.760254	-183.319336
14847.143555	-180.349579
14852.526855	-183.706543
14857.910156	-183.412430
14863.293457	-189.090576
14868.676758	-181.291306
14874.060059	-187.195389
14879.443359	-180.346222
14884.826660	-183.793976
14890.209961	-180.469879
14895.593262	-182.734177
14900.976563	-190.860382
14906.359863	-181.945068
14911.743164	-192.173782
14917.126465	-191.998520
14922.509766	-182.952652
14927.893066	-184.573547
14933.276367	-181.543213
14938.659668	-183.848602
14944.042969	-184.866852
14949.426270	-182.682861
14954.809570	-183.715439
14960.192871	-185.305054
14965.576172	-181.760132
14970.959473	-182.811859
14976.342773	-186.888824
14981.726074	-184.678085
14987.109375	-185.978104
14992.492676	-178.133224
14997.875977	-183.438400
15003.259277	-184.610382
15008.642578	-188.916595
15014.025879	-183.444473
15019.409180	-177.817871
15024.792480	-179.685104
15030.175781	-178.602661
15035.559082	-180.797882
15040.942383	-179.579971
15046.325684	-177.621185
15051.708984	-177.281906
15057.092285	-176.881104
15062.475586	-179.970795
15067.858887	-185.262222
15073.242188	-183.043152
15078.625488	-185.618546
15084.008789	-186.590042
15089.392090	-181.133865
15094.775391	-178.794159
15100.158691	-184.643570
15105.541992	-184.983231
15110.925293	-180.323837
15116.308594	-176.892792
15121.691895	-180.906586
15127.075195	-189.832886
15132.458496	-181.416046
15137.841797	-182.888336
15143.225098	-183.880844
15148.608398	-190.196747
15153.991699	-182.080353
15159.375000	-185.370819
15164.758301	-182.494873
15170.141602	-179.960144
15175.524902	-183.380447
15180.908203	-186.220810
15186.291504	-184.994766
15191.674805	-182.899109
15197.058105	-181.141983
15202.441406	-181.882706
15207.824707	-181.615356
15213.208008	-186.771942
15218.591309	-188.175705
15223.974609	-179.111053
15229.357910	-180.111130
15234.741211	-183.500732
15240.124512	-183.327042
15245.507813	-178.972031
15250.891113	-182.668320
15256.274414	-177.741913
15261.657715	-178.599258
15267.041016	-177.188370
15272.424316	-177.538422
15277.807617	-184.093033
15283.190918	-176.159714
15288.574219	-169.811172
15293.957520	-176.894531
15299.340820	-178.033920
15304.724121	-179.447067
15310.107422	-181.350067
15315.490723	-187.086533
15320.874023	-177.513550
15326.257324	-181.539627
15331.640625	-187.351364
15337.023926	-183.302277
15342.407227	-179.217804
15347.790527	-185.264938
15353.173828	-187.591843
15358.557129	-185.694748
15363.940430	-190.169739
15369.323730	-180.296371
15374.707031	-182.945221
15380.090332	-182.511353
15385.473633	-184.351791
15390.856934	-190.809006
15396.240234	-184.268402
15401.623535	-191.284332
15407.006836	-186.210876
15412.390137	-185.077454
15417.773438	-187.024567
15423.156738	-187.853424
15428.540039	-188.499084
15433.923340	-186.209152
15439.306641	-186.935776
15444.689941	-186.906540
15450.073242	-182.557571
15455.456543	-183.360382
15460.839844	-180.869995
15466.223145	-181.402252
15471.606445	-184.014557
15476.989746	-186.053329
15482.373047	-185.496262
15487.756348	-188.566360
15493.139648	-182.855408
15498.522949	-180.793137
15503.906250	-188.693451
15509.289551	-186.215759
15514.672852	-182.127914
15520.056152	-184.504532
15525.439453	-185.345428
15530.822754	-181.938858
15536.206055	-184.777908
15541.589355	-181.911163
15546.972656	-186.091080
15552.355957	-184.171875
15557.739258	-184.482315
15563.122559	-182.178802
15568.505859	-184.658661
15573.889160	-188.729004
15579.272461	-181.794159
15584.655762	-187.502670
15590.039063	-187.388733
15595.422363	-181.978607
15600.805664	-180.466431
15606.188965	-180.466537
15611.572266	-188.708267
15616.955566	-184.758301
15622.338867	-186.650101
15627.722168	-178.895447
15633.105469	-178.414322
15638.488770	-183.679794
15643.872070	-180.886398
15649.255371	-179.241989
15654.638672	-182.957336
15660.021973	-182.693512
15665.405273	-190.845551
15670.788574	-181.074005
15676.171875	-181.250244
15681.555176	-187.468018
15686.938477	-184.587219
15692.321777	-183.930145
15697.705078	-185.184052
15703.088379	-183.891937
15708.471680	-189.254089
15713.854980	-183.362686
15719.238281	-175.508484
15724.621582	-182.755630
15730.004883	-179.614319
15735.388184	-180.201355
15740.771484	-183.697189
15746.154785	-177.987305
15751.538086	-180.792938
15756.921387	-181.047897
15762.304688	-184.345993
15767.687988	-191.218979
15773.071289	-188.284821
15778.454590	-183.785278
15783.837891	-177.786911
15789.221191	-183.647476
15794.604492	-183.042923
15799.987793	-184.678864
15805.371094	-183.461380
15810.754395	-185.158234
15816.137695	-182.428558
15821.520996	-187.780273
15826.904297	-177.314194
15832.287598	-182.346466
15837.670898	-178.204941
15843.054199	-181.489014
15848.437500	-192.758911
15853.820801	-189.286896
15859.204102	-183.074905
15864.587402	-183.694794
15869.970703	-184.454346
15875.354004	-182.061890
15880.737305	-188.077545
15886.120605	-195.289398
15891.503906	-182.421402
15896.887207	-183.435028
15902.270508	-191.303009
15907.653809	-184.702698
15913.037109	-185.524414
15918.420410	-184.583221
15923.803711	-182.744675
15929.187012	-184.292877
15934.570313	-181.781967
15939.953613	-188.093994
15945.336914	-177.166992
15950.720215	-185.675842
15956.103516	-183.468262
15961.486816	-179.466705
15966.870117	-184.509308
15972.253418	-184.469498
15977.636719	-179.511169
15983.020020	-185.668747
15988.403320	-182.888489
15993.786621	-182.970169
15999.169922	-182.863449
16004.553223	-177.120377
16009.936523	-179.124557
16015.319824	-186.982727
16020.703125	-182.360382
16026.086426	-185.918259
16031.469727	-187.753006
16036.853027	-180.913406
16042.236328	-184.006561
16047.619629	-187.680038
16053.002930	-183.559296
16058.386230	-183.178680
16063.769531	-184.778412
16069.152832	-182.335663
16074.536133	-186.424973
16079.919434	-184.720520
16085.302734	-186.334808
16090.686035	-180.204178
16096.069336	-184.067673
16101.452637	-186.551544
16106.835938	-186.923294
16112.219238	-188.115448
16117.602539	-187.303055
16122.985840	-184.711304
16128.369141	-184.461639
16133.752441	-181.997971
16139.135742	-182.774399
16144.519043	-187.274261
16149.902344	-184.025177
16155.285645	-184.704575
16160.668945	-190.915085
16166.052246	-187.104202
16171.435547	-184.971786
16176.818848	-179.726929
16182.202148	-188.243759
16187.585449	-189.050583
16192.968750	-184.603806
16198.352051	-184.690094
16203.735352	-181.971725
16209.118652	-188.362305
16214.501953	-184.009201
16219.885254	-184.627441
16225.268555	-183.377640
16230.651855	-186.382019
16236.035156	-180.790359
16241.418457	-184.031342
16246.801758	-186.960205
16252.185059	-186.268433
16257.568359	-188.063766
16262.951660	-186.045456
16268.334961	-181.919815
16273.718262	-185.068146
16279.101563	-191.279633
16284.484863	-182.155334
16289.868164	-182.923401
16295.251465	-189.837662
16300.634766	-184.497681
16306.018066	-186.387939
16311.401367	-187.354614
16316.784668	-185.099899
16322.167969	-183.703278
16327.551270	-178.450882
16332.934570	-185.109070
16338.317871	-184.494003
16343.701172	-181.432114
16349.084473	-183.458725
16354.467773	-185.751755
16359.851074	-179.968567
16365.234375	-186.597412
16370.617676	-185.823868
16376.000977	-181.396881
16381.384277	-184.460129
16386.767578	-184.692657
16392.150879	-189.099197
16397.534180	-178.386917
16402.917480	-180.722427
16408.300781	-185.429352
16413.684082	-179.092499
16419.067383	-184.981964
16424.450684	-182.234009
16429.833984	-179.550003
16435.217285	-180.491547
16440.600586	-179.298233
16445.983887	-179.681747
16451.367188	-181.507172
16456.750488	-186.465897
16462.133789	-181.725250
16467.517090	-182.894058
16472.900391	-183.428421
16478.283691	-188.162140
16483.666992	-186.411652
16489.050293	-181.161652
16494.433594	-184.967468
16499.816895	-179.505753
16505.200195	-186.052643
16510.583496	-181.167450
16515.966797	-183.628525
16521.350098	-188.124802
16526.733398	-187.063828
16532.116699	-177.047852
16537.500000	-183.405396
16542.883301	-189.546890
16548.266602	-184.274551
16553.649902	-184.876663
16559.033203	-183.972061
16564.416504	-182.574280
16569.799805	-188.539124
16575.183105	-183.243439
16580.566406	-182.356186
16585.949707	-185.319183
16591.333008	-186.019180
16596.716309	-185.038345
16602.099609	-183.661377
16607.482910	-182.097778
16612.866211	-188.916260
16618.249512	-183.780807
16623.632813	-184.127197
16629.016113	-183.743362
16634.399414	-184.801971
16639.782715	-180.315613
16645.166016	-183.789871
16650.549316	-179.246948
16655.932617	-185.349380
16661.315918	-178.405273
16666.699219	-179.208389
16672.082520	-180.145432
16677.465820	-176.681702
16682.849121	-188.823608
16688.232422	-183.263992
16693.615723	-185.385742
16698.999023	-184.503555
16704.382324	-181.094177
16709.765625	-185.354584
16715.148926	-177.029434
16720.532227	-187.275711
16725.915527	-187.082733
16731.298828	-180.749496
16736.682129	-195.574646
16742.065430	-180.677185
16747.448730	-187.946732
16752.832031	-182.644089
16758.215332	-182.990112
16763.598633	-184.512421
16768.981934	-186.694977
16774.365234	-187.669708
16779.748535	-184.937057
16785.131836	-179.793823
16790.515137	-184.368057
16795.898438	-184.216919
16801.281738	-182.104935
16806.665039	-187.222275
16812.048340	-187.904999
16817.431641	-187.519638
16822.814941	-181.679306
16828.198242	-181.479050
16833.581543	-181.510223
16838.964844	-186.062164
16844.348145	-183.337479
16849.731445	-183.130905
16855.114746	-186.297012
16860.498047	-191.504562
16865.881348	-187.601517
16871.264648	-186.189041
16876.647949	-181.457916
16882.031250	-185.052017
16887.414551	-186.401077
16892.797852	-175.908676
16898.181152	-179.042358
16903.564453	-181.502594
16908.947754	-180.044327
16914.331055	-182.281036
16919.714355	-182.930298
16925.097656	-185.012802
16930.480957	-184.647095
16935.864258	-183.572388
16941.247559	-183.066330
16946.630859	-190.342819
16952.014160	-185.474411
16957.397461	-184.611938
16962.780762	-186.242691
16968.164063	-180.531342
16973.547363	-184.195557
16978.930664	-182.576904
16984.313965	-184.824478
16989.697266	-194.162506
16995.080566	-181.863098
17000.463867	-183.936356
17005.847168	-179.619904
17011.230469	-187.014908
17016.613770	-189.815414
17021.997070	-185.891693
17027.380371	-177.561539
17032.763672	-183.843369
17038.146973	-183.348480
17043.530273	-185.457382
17048.913574	-186.877365
17054.296875	-186.888489
17059.680176	-185.857971
17065.063477	-184.299011
17070.446777	-176.179291
17075.830078	-181.185303
17081.213379	-181.796783
17086.596680	-190.577209
17091.979980	-179.725861
17097.363281	-179.083267
17102.746582	-181.368515
17108.129883	-182.063904
17113.513184	-181.297989
17118.896484	-182.384033
17124.279785	-183.309738
17129.663086	-183.214767
17135.046387	-185.267014
17140.429688	-182.730499
17145.812988	-182.335281
17151.196289	-187.836639
17156.579590	-182.833847
17161.962891	-181.495605
17167.346191	-182.380295
17172.729492	-189.040359
17178.112793	-180.647278
17183.496094	-182.666183
17188.879395	-182.232315
17194.262695	-186.910553
17199.645996	-181.088440
17205.029297	-187.804626
17210.412598	-182.132080
17215.795898	-182.490356
17221.179199	-181.444412
17226.562500	-181.514542
17231.945801	-180.591309
17237.329102	-177.490768
17242.712402	-172.384460
17248.095703	-176.830902
17253.479004	-182.049622
17258.862305	-180.701126
17264.245605	-181.739761
17269.628906	-177.032852
17275.012207	-184.124252
17280.395508	-184.972076
17285.778809	-178.216400
17291.162109	-180.677155
17296.545410	-183.561401
17301.928711	-185.911407
17307.312012	-181.742661
17312.695313	-183.208893
17318.078613	-180.383896
17323.461914	-183.790680
17328.845215	-182.758835
17334.228516	-180.147430
17339.611816	-180.655716
17344.995117	-174.927032
17350.378418	-183.130325
17355.761719	-177.906372
17361.145020	-182.897278
17366.528320	-181.695908
17371.911621	-186.136261
17377.294922	-185.496994
17382.678223	-183.019943
17388.061523	-186.535522
17393.444824	-181.777802
17398.828125	-184.758163
17404.211426	-183.825745
17409.594727	-190.001999
17414.978027	-189.025650
17420.361328	-181.319031
17425.744629	-181.377975
17431.127930	-188.058334
17436.511230	-190.389069
17441.894531	-180.742111
17447.277832	-187.745865
17452.661133	-183.112778
17458.044434	-180.875015
17463.427734	-181.605087
17468.811035	-187.148438
17474.194336	-180.376114
17479.577637	-183.759521
17484.960938	-182.101685
17490.344238	-193.288467
17495.727539	-189.921829
17501.110840	-182.534317
17506.494141	-184.256104
17511.877441	-182.394669
17517.260742	-183.448761
17522.644043	-181.005341
17528.027344	-183.622314
17533.410645	-186.804642
17538.793945	-184.556488
17544.177246	-182.393494
17549.560547	-183.925934
17554.943848	-184.790588
17560.327148	-181.200745
17565.710449	-182.264053
17571.093750	-182.549255
17576.477051	-180.411163
17581.860352	-183.550491
17587.243652	-179.376358
17592.626953	-183.440811
17598.010254	-181.984894
17603.393555	-179.411880
17608.776855	-179.918381
17614.160156	-187.642822
17619.543457	-182.613708
17624.926758	-185.727905
17630.310059	-186.350006
17635.693359	-183.341278
17641.076660	-189.994736
17646.459961	-187.311234
17651.843262	-181.543396
17657.226563	-183.669403
17662.609863	-188.806900
17667.993164	-183.558762
17673.376465	-181.422775
17678.759766	-179.008057
17684.143066	-184.418777
17689.526367	-185.085907
17694.909668	-181.399200
17700.292969	-185.724670
17705.676270	-183.276031
17711.059570	-185.014954
17716.442871	-180.708939
17721.826172	-183.329681
17727.209473	-186.026596
17732.592773	-182.993500
17737.976074	-181.730408
17743.359375	-186.941574
17748.742676	-179.170639
17754.125977	-180.781479
17759.509277	-183.088058
17764.892578	-182.963547
17770.275879	-178.519058
17775.659180	-170.373001
17781.042480	-171.051102
17786.425781	-171.263870
17791.809082	-183.291122
17797.192383	-184.512451
17802.575684	-178.990433
17807.958984	-178.689423
17813.342285	-176.466721
17818.725586	-172.445007
17824.108887	-174.063141
17829.492188	-181.150513
17834.875488	-184.052567
17840.258789	-184.077835
17845.642090	-182.538483
17851.025391	-180.098587
17856.408691	-182.797745
17861.791992	-183.545929
17867.175293	-184.223145
17872.558594	-180.638687
17877.941895	-178.141571
17883.325195	-185.373383
17888.708496	-182.436096
17894.091797	-182.614166
17899.475098	-181.271286
17904.858398	-183.223251
17910.241699	-183.765167
17915.625000	-184.696960
17921.008301	-185.977417
17926.391602	-189.444870
17931.774902	-187.636276
17937.158203	-183.422836
17942.541504	-181.755127
17947.924805	-192.320724
17953.308105	-175.069565
17958.691406	-174.166763
17964.074707	-179.945023
17969.458008	-185.526459
17974.841309	-180.574844
17980.224609	-185.874146
17985.607910	-182.846283
17990.991211	-184.352814
17996.374512	-180.091476
18001.757813	-187.047134
18007.141113	-185.801392
18012.524414	-178.798523
18017.907715	-181.360321
18023.291016	-176.856415
18028.674316	-177.427109
18034.057617	-181.168976
18039.440918	-187.298523
18044.824219	-182.746048
18050.207520	-183.873642
18055.590820	-182.618896
18060.974121	-182.123581
18066.357422	-184.727432
18071.740723	-193.142792
18077.124023	-184.815918
18082.507324	-183.020294
18087.890625	-185.951324
18093.273926	-179.977432
18098.657227	-182.737762
18104.040527	-191.571045
18109.423828	-190.314285
18114.807129	-182.129135
18120.190430	-184.990738
18125.573730	-182.399445
18130.957031	-183.447205
18136.340332	-180.568253
18141.723633	-187.953094
18147.106934	-185.375198
18152.490234	-185.385361
18157.873535	-187.403671
18163.256836	-188.517685
18168.640137	-185.486603
18174.023438	-182.911880
18179.406738	-182.073975
18184.790039	-184.035965
18190.173340	-185.229523
18195.556641	-178.796036
18200.939941	-186.837234
18206.323242	-183.670837
18211.706543	-184.830673
18217.089844	-184.411530
18222.473145	-183.486069
18227.856445	-177.465561
18233.239746	-181.670410
18238.623047	-186.334763
18244.006348	-187.133682
18249.389648	-186.191833
18254.772949	-189.373459
18260.156250	-184.779739
18265.539551	-183.182205
18270.922852	-182.045486
18276.306152	-183.687973
18281.689453	-180.702118
18287.072754	-181.293884
18292.456055	-185.254166
18297.839355	-184.136246
18303.222656	-181.532104
18308.605957	-188.377670
18313.989258	-183.339645
18319.372559	-190.572296
18324.755859	-177.630951
18330.139160	-181.815735
18335.522461	-189.727234
18340.905762	-183.348099
18346.289063	-187.545288
18351.672363	-181.001862
18357.055664	-181.140335
18362.438965	-180.344849
18367.822266	-183.532318
18373.205566	-176.942108
18378.588867	-183.342300
18383.972168	-177.048325
18389.355469	-175.416061
18394.738770	-188.737640
18400.122070	-185.055786
18405.505371	-176.083755
18410.888672	-178.759140
18416.271973	-177.287521
18421.655273	-183.737015
18427.038574	-184.855850
18432.421875	-177.329605
18437.805176	-176.444931
18443.188477	-178.453476
18448.571777	-178.572189
18453.955078	-176.747925
18459.338379	-177.866150
18464.721680	-186.321915
18470.104980	-188.558609
18475.488281	-178.239685
18480.871582	-178.505768
18486.254883	-183.347214
18491.638184	-189.035187
18497.021484	-177.707169
18502.404785	-173.899689
18507.788086	-181.533966
18513.171387	-182.442017
18518.554688	-186.013153
18523.937988	-184.119385
18529.321289	-182.985321
18534.704590	-175.037033
18540.087891	-182.949188
18545.471191	-189.911331
18550.854492	-180.654877
18556.237793	-180.379929
18561.621094	-181.597534
18567.004395	-177.030151
18572.387695	-181.554428
18577.770996	-183.350922
18583.154297	-180.660568
18588.537598	-179.815323
18593.920898	-182.384079
18599.304199	-181.857529
18604.687500	-189.379990
18610.070801	-186.277420
18615.454102	-187.610138
18620.837402	-179.602524
18626.220703	-182.310211
18631.604004	-189.624069
18636.987305	-181.355347
18642.370605	-189.018097
18647.753906	-184.309448
18653.137207	-188.551590
18658.520508	-183.824188
18663.903809	-178.024323
18669.287109	-185.550644
18674.670410	-186.344330
18680.053711	-183.294479
18685.437012	-181.116241
18690.820313	-185.871048
18696.203613	-182.767136
18701.586914	-180.037689
18706.970215	-183.757874
18712.353516	-186.200653
18717.736816	-185.331619
18723.120117	-180.813400
18728.503418	-181.595169
18733.886719	-179.409470
18739.270020	-179.376877
18744.653320	-183.388046
18750.036621	-182.091141
18755.419922	-180.408829
18760.803223	-185.293686
18766.186523	-181.380341
18771.569824	-189.320358
18776.953125	-185.435196
18782.336426	-182.678223
18787.719727	-188.319183
18793.103027	-185.834366
18798.486328	-184.675201
18803.869629	-187.298264
18809.252930	-191.681442
18814.636230	-179.215302
18820.019531	-180.146210
18825.402832	-184.824051
18830.786133	-186.952026
18836.169434	-189.636032
18841.552734	-182.027771
18846.936035	-183.968063
18852.319336	-176.706055
18857.702637	-187.130524
18863.085938	-179.642334
18868.469238	-193.051285
18873.852539	-183.424866
18879.235840	-183.663467
18884.619141	-185.678879
18890.002441	-180.226501
18895.385742	-187.177490
18900.769043	-182.675201
18906.152344	-186.040573
18911.535645	-189.723831
18916.918945	-186.298218
18922.302246	-185.975586
18927.685547	-181.935196
18933.068848	-183.824188
18938.452148	-186.817230
18943.835449	-184.477051
18949.218750	-185.144119
18954.602051	-185.169754
18959.985352	-184.262024
18965.368652	-184.369644
18970.751953	-181.937744
18976.135254	-189.564697
18981.518555	-185.483017
18986.901855	-183.703232
18992.285156	-181.584366
18997.668457	-180.408478
19003.051758	-183.964813
19008.435059	-182.828125
19013.818359	-186.195221
19019.201660	-181.519135
19024.584961	-180.173264
19029.968262	-177.905396
19035.351563	-178.740570
19040.734863	-179.874451
19046.118164	-185.897507
19051.501465	-181.470291
19056.884766	-180.676849
19062.268066	-182.076370
19067.651367	-188.024017
19073.034668	-181.434311
19078.417969	-182.188278
19083.801270	-181.569260
19089.184570	-174.820007
19094.567871	-184.599365
19099.951172	-183.211975
19105.334473	-183.940521
19110.717773	-180.930191
19116.101074	-180.246811
19121.484375	-176.988770
19126.867676	-176.331985
19132.250977	-191.962769
19137.634277	-175.792038
19143.017578	-180.779434
19148.400879	-178.006363
19153.784180	-178.012497
19159.167480	-175.761108
19164.550781	-179.216125
19169.934082	-184.574066
19175.317383	-194.018326
19180.700684	-182.415222
19186.083984	-175.344879
19191.467285	-183.687973
19196.850586	-183.350204
19202.233887	-172.877655
19207.617188	-184.761169
19213.000488	-179.930542
19218.383789	-178.530167
19223.767090	-177.497040
19229.150391	-180.736649
19234.533691	-181.305313
19239.916992	-177.804169
19245.300293	-178.615570
19250.683594	-181.487808
19256.066895	-182.348099
19261.450195	-179.132309
19266.833496	-178.572189
19272.216797	-182.172073
19277.600098	-186.598846
19282.983398	-182.688721
19288.366699	-181.029861
19293.750000	-177.856583
19299.133301	-180.157013
19304.516602	-183.980270
19309.899902	-186.564362
19315.283203	-184.488937
19320.666504	-178.079269
19326.049805	-179.027817
19331.433105	-181.946411
19336.816406	-178.052750
19342.199707	-181.823669
19347.583008	-181.048080
19352.966309	-180.697525
19358.349609	-176.740189
19363.732910	-179.075836
19369.116211	-178.818329
19374.499512	-187.822495
19379.882813	-174.616852
19385.266113	-176.047913
19390.649414	-175.545853
19396.032715	-177.839905
19401.416016	-181.739182
19406.799316	-178.816284
19412.182617	-179.253281
19417.565918	-179.201996
19422.949219	-180.418869
19428.332520	-181.539536
19433.715820	-182.083725
19439.099121	-180.744858
19444.482422	-186.452042
19449.865723	-180.827667
19455.249023	-179.619583
19460.632324	-180.583466
19466.015625	-188.366470
19471.398926	-184.288406
19476.782227	-182.489166
19482.165527	-181.361694
19487.548828	-184.026962
19492.932129	-179.087433
19498.315430	-179.666718
19503.698730	-182.642151
19509.082031	-183.774155
19514.465332	-189.056122
19519.848633	-192.947250
19525.231934	-181.793518
19530.615234	-186.127548
19535.998535	-187.926376
19541.381836	-182.584442
19546.765137	-184.830994
19552.148438	-182.977386
19557.531738	-180.565613
19562.915039	-184.404556
19568.298340	-182.026733
19573.681641	-180.479233
19579.064941	-187.539627
19584.448242	-183.741440
19589.831543	-180.183792
19595.214844	-188.287750
19600.598145	-183.293137
19605.981445	-180.896423
19611.364746	-185.595337
19616.748047	-188.091080
19622.131348	-188.208282
19627.514648	-186.479492
19632.897949	-184.698227
19638.281250	-183.331177
19643.664551	-183.694641
19649.047852	-181.660355
19654.431152	-179.510468
19659.814453	-180.233383
19665.197754	-181.958160
19670.581055	-185.866562
19675.964355	-186.782516
19681.347656	-186.272583
19686.730957	-185.001831
19692.114258	-180.665665
19697.497559	-183.278198
19702.880859	-183.330246
19708.264160	-185.919418
19713.647461	-187.165588
19719.030762	-183.174072
19724.414063	-179.967575
19729.797363	-183.773193
19735.180664	-181.924896
19740.563965	-179.357712
19745.947266	-180.122345
19751.330566	-181.719284
19756.713867	-187.014984
19762.097168	-184.743149
19767.480469	-184.624817
19772.863770	-184.647568
19778.247070	-193.354004
19783.630371	-178.674500
19789.013672	-180.998886
19794.396973	-187.802673
19799.780273	-182.818130
19805.163574	-186.602554
19810.546875	-186.023178
19815.930176	-188.309647
19821.313477	-185.243256
19826.696777	-184.708817
19832.080078	-183.706207
19837.463379	-184.439743
19842.846680	-181.157211
19848.229980	-177.554565
19853.613281	-178.184570
19858.996582	-182.188095
19864.379883	-183.829697
19869.763184	-185.520325
19875.146484	-182.528519
19880.529785	-183.954056
19885.913086	-184.658981
19891.296387	-177.694122
19896.679688	-186.085007
19902.062988	-191.391342
19907.446289	-189.126846
19912.829590	-186.800034
19918.212891	-180.327240
19923.596191	-182.663605
19928.979492	-190.368683
19934.362793	-186.979477
19939.746094	-184.802094
19945.129395	-182.735214
19950.512695	-182.856186
19955.895996	-183.521118
19961.279297	-181.353561
19966.662598	-184.504318
19972.045898	-185.756378
19977.429199	-181.344223
19982.812500	-185.667969
19988.195801	-187.994522
19993.579102	-185.825623
19998.962402	-174.816223
20004.345703	-181.174683
20009.729004	-181.409302
20015.112305	-177.694260
20020.495605	-183.216599
20025.878906	-178.822769
20031.262207	-182.742172
20036.645508	-182.403870
20042.028809	-182.858185
20047.412109	-183.524979
20052.795410	-184.050095
20058.178711	-180.667786
20063.562012	-181.999023
20068.945313	-184.102173
20074.328613	-184.831177
20079.711914	-187.056259
20085.095215	-177.244751
20090.478516	-179.867645
20095.861816	-186.498734
20101.245117	-179.208496
20106.628418	-180.050125
20112.011719	-183.157028
20117.395020	-184.697983
20122.778320	-177.257935
20128.161621	-182.624222
20133.544922	-186.815628
20138.928223	-189.684265
20144.311523	-180.545883
20149.694824	-180.375031
20155.078125	-187.701309
20160.461426	-185.814743
20165.844727	-189.482727
20171.228027	-180.051498
20176.611328	-180.307587
20181.994629	-176.936447
20187.377930	-182.331238
20192.761230	-180.241638
20198.144531	-185.584305
20203.527832	-182.779648
20208.911133	-185.266205
20214.294434	-184.712433
20219.677734	-181.180771
20225.061035	-185.206619
20230.444336	-181.725098
20235.827637	-180.640091
20241.210938	-184.701111
20246.594238	-187.027390
20251.977539	-182.082703
20257.360840	-181.996048
20262.744141	-185.131607
20268.127441	-184.732971
20273.510742	-178.918533
20278.894043	-183.820847
20284.277344	-183.261429
20289.660645	-184.205215
20295.043945	-188.703659
20300.427246	-180.301224
20305.810547	-184.468597
20311.193848	-182.870209
20316.577148	-183.479706
20321.960449	-183.824188
20327.343750	-185.654846
20332.727051	-183.826355
20338.110352	-185.204468
20343.493652	-184.772888
20348.876953	-190.832733
20354.260254	-183.434921
20359.643555	-174.991638
20365.026855	-178.192886
20370.410156	-184.561935
20375.793457	-185.513077
20381.176758	-189.002319
20386.560059	-183.949356
20391.943359	-181.941559
20397.326660	-186.724258
20402.709961	-187.110367
20408.093262	-181.081406
20413.476563	-183.627441
20418.859863	-186.247101
20424.243164	-181.658218
20429.626465	-180.177246
20435.009766	-186.575089
20440.393066	-180.592331
20445.776367	-184.100067
20451.159668	-182.372665
20456.542969	-178.522736
20461.926270	-188.236420
20467.309570	-187.330322
20472.692871	-187.381516
20478.076172	-183.141037
20483.459473	-187.323273
20488.842773	-181.652496
20494.226074	-180.460617
20499.609375	-184.985367
20504.992676	-182.701843
20510.375977	-185.858154
20515.759277	-186.480942
20521.142578	-182.765289
20526.525879	-181.101517
20531.909180	-180.079895
20537.292480	-186.575089
20542.675781	-180.380280
20548.059082	-181.793518
20553.442383	-185.628250
20558.825684	-182.811752
20564.208984	-175.879120
20569.592285	-180.363235
20574.975586	-179.408905
20580.358887	-184.780731
20585.742188	-175.694809
20591.125488	-180.326187
20596.508789	-178.066086
20601.892090	-177.153473
20607.275391	-178.271301
20612.658691	-181.056396
20618.041992	-177.716415
20623.425293	-172.688873
20628.808594	-169.551514
20634.191895	-178.066086
20639.575195	-184.132874
20644.958496	-181.445786
20650.341797	-180.692932
20655.725098	-185.682495
20661.108398	-184.843903
20666.491699	-187.137268
20671.875000	-183.858917
20677.258301	-181.778275
20682.641602	-185.695709
20688.024902	-179.510193
20693.408203	-179.715286
20698.791504	-186.015686
20704.174805	-180.989975
20709.558105	-180.720551
20714.941406	-176.132706
20720.324707	-176.602280
20725.708008	-186.184372
20731.091309	-178.760132
20736.474609	-175.338715
20741.857910	-178.708496
20747.241211	-177.888535
20752.624512	-179.437149
20758.007813	-174.282715
20763.391113	-166.956482
20768.774414	-165.765137
20774.157715	-173.056549
20779.541016	-176.083755
20784.924316	-169.929764
20790.307617	-177.870132
20795.690918	-166.655701
20801.074219	-176.073181
20806.457520	-167.044388
20811.840820	-178.277435
20817.224121	-180.003967
20822.607422	-176.658676
20827.990723	-175.535690
20833.374023	-178.133423
20838.757324	-178.767975
20844.140625	-179.485519
20849.523926	-176.057892
20854.907227	-184.140472
20860.290527	-189.888840
20865.673828	-182.945969
20871.057129	-181.223770
20876.440430	-179.905914
20881.823730	-183.206009
20887.207031	-177.420792
20892.590332	-187.005661
20897.973633	-187.013855
20903.356934	-179.123520
20908.740234	-183.031540
20914.123535	-184.177628
20919.506836	-188.525833
20924.890137	-182.352020
20930.273438	-182.805115
20935.656738	-184.518356
20941.040039	-180.746796
20946.423340	-183.171371
20951.806641	-181.980728
20957.189941	-179.651947
20962.573242	-183.013931
20967.956543	-184.824051
20973.339844	-182.790787
20978.723145	-182.820007
20984.106445	-185.022507
20989.489746	-185.942169
20994.873047	-191.143723
21000.256348	-179.372650
21005.639648	-189.357437
21011.022949	-195.671646
21016.406250	-184.536621
21021.789551	-184.242279
21027.172852	-187.246521
21032.556152	-180.902847
21037.939453	-181.656067
21043.322754	-186.023499
21048.706055	-182.216766
21054.089355	-177.892349
21059.472656	-180.019302
21064.855957	-183.280975
21070.239258	-179.949829
21075.622559	-183.061829
21081.005859	-178.217606
21086.389160	-191.987152
21091.772461	-180.672348
21097.155762	-185.146240
21102.539063	-187.036850
21107.922363	-180.873657
21113.305664	-187.260376
21118.688965	-180.059113
21124.072266	-183.980270
21129.455566	-183.439911
21134.838867	-179.161240
21140.222168	-188.821304
21145.605469	-177.765579
21150.988770	-178.976089
21156.372070	-185.414444
21161.755371	-172.259247
21167.138672	-180.536743
21172.521973	-181.841553
21177.905273	-181.478638
21183.288574	-182.768524
21188.671875	-183.077682
21194.055176	-182.294159
21199.438477	-183.146912
21204.821777	-188.521347
21210.205078	-185.664444
21215.588379	-182.540344
21220.971680	-182.973022
21226.354980	-177.001663
21231.738281	-177.137268
21237.121582	-169.530045
21242.504883	-171.216949
21247.888184	-177.869339
21253.271484	-175.948318
21258.654785	-175.874573
21264.038086	-193.612442
21269.421387	-172.010559
21274.804688	-189.603195
21280.187988	-177.946640
21285.571289	-183.544098
21290.954590	-189.962723
21296.337891	-185.051620
21301.721191	-184.236221
21307.104492	-187.999786
21312.487793	-178.356186
21317.871094	-177.164322
21323.254395	-180.536743
21328.637695	-172.944168
21334.020996	-171.859131
21339.404297	-167.885406
21344.787598	-172.802628
21350.170898	-178.033432
21355.554199	-177.142654
21360.937500	-183.845261
21366.320801	-183.228577
21371.704102	-172.773956
21377.087402	-180.546249
21382.470703	-178.316193
21387.854004	-179.362213
21393.237305	-184.730072
21398.620605	-188.013046
21404.003906	-177.703339
21409.387207	-180.854019
21414.770508	-183.926010
21420.153809	-189.394135
21425.537109	-187.203522
21430.920410	-182.044312
21436.303711	-179.602890
21441.687012	-185.911545
21447.070313	-177.322128
21452.453613	-191.861526
21457.836914	-188.240219
21463.220215	-183.678085
21468.603516	-181.958664
21473.986816	-181.746490
21479.370117	-182.288635
21484.753418	-184.755264
21490.136719	-178.670898
21495.520020	-181.522827
21500.903320	-178.946442
21506.286621	-178.572189
21511.669922	-172.535660
21517.053223	-182.973022
21522.436523	-181.359344
21527.819824	-182.972382
21533.203125	-182.613495
21538.586426	-183.715485
21543.969727	-181.834061
21549.353027	-185.900116
21554.736328	-180.096283
21560.119629	-178.531738
21565.502930	-183.230621
21570.886230	-182.903625
21576.269531	-187.262436
21581.652832	-185.527313
21587.036133	-179.884567
21592.419434	-183.066437
21597.802734	-181.079498
21603.186035	-187.215302
21608.569336	-186.563110
21613.952637	-186.331711
21619.335938	-183.012466
21624.719238	-182.067337
21630.102539	-185.054596
21635.485840	-183.329071
21640.869141	-185.910187
21646.252441	-183.890533
21651.635742	-185.471649
21657.019043	-190.177170
21662.402344	-185.781891
21667.785645	-183.645630
21673.168945	-182.223251
21678.552246	-185.196838
21683.935547	-181.472687
21689.318848	-178.442749
21694.702148	-172.238464
21700.085449	-181.556290
21705.468750	-180.578247
21710.852051	-181.520523
21716.235352	-184.768005
21721.618652	-183.942123
21727.001953	-180.134094
21732.385254	-181.760025
21737.768555	-184.174408
21743.151855	-182.791245
21748.535156	-186.547760
21753.918457	-186.256882
21759.301758	-194.061188
21764.685059	-187.061630
21770.068359	-185.468079
21775.451660	-180.110886
21780.834961	-185.031616
21786.218262	-186.595505
21791.601563	-183.003845
21796.984863	-185.089844
21802.368164	-181.233582
21807.751465	-184.280487
21813.134766	-184.548386
21818.518066	-182.284348
21823.901367	-184.076202
21829.284668	-192.791092
21834.667969	-187.342117
21840.051270	-187.173874
21845.434570	-191.143723
21850.817871	-184.065857
21856.201172	-180.435318
21861.584473	-183.651550
21866.967773	-176.951691
21872.351074	-185.046402
21877.734375	-177.704102
21883.117676	-185.051620
21888.500977	-187.973129
21893.884277	-183.648346
21899.267578	-183.555908
21904.650879	-182.789200
21910.034180	-181.282349
21915.417480	-177.031097
21920.800781	-183.495346
21926.184082	-181.599854
21931.567383	-186.770111
21936.950684	-180.349792
21942.333984	-179.400665
21947.717285	-180.223328
21953.100586	-179.138184
21958.483887	-177.368530
21963.867188	-183.257111
21969.250488	-184.656540
21974.633789	-186.738068
21980.017090	-181.152054
21985.400391	-185.521179
21990.783691	-188.070267
21996.166992	-184.337158
22001.550293	-186.793747
22006.933594	-178.919556
22012.316895	-179.978271
22017.700195	-187.502899
22023.083496	-185.383102
22028.466797	-185.397003
22033.850098	-184.972046
22039.233398	-185.913773
22044.616699	-181.989960
