Frequency (Hz)	Level (dB)
5.383301	-61.688980
10.766602	-64.018852
16.149902	-77.883911
21.533203	-62.639534
26.916504	-77.646851
32.299805	-49.641270
37.683105	-44.222923
43.066406	-53.993469
48.449707	-67.198036
53.833008	-62.302845
59.216309	-60.225838
64.599609	-64.072601
69.982910	-65.299004
75.366211	-61.186760
80.749512	-65.703232
86.132813	-70.203201
91.516113	-71.488098
96.899414	-74.192787
102.282715	-64.885254
107.666016	-66.709534
113.049316	-63.742237
118.432617	-66.795464
123.815918	-73.498314
129.199219	-62.542370
134.582520	-63.584164
139.965820	-68.660538
145.349121	-66.651657
150.732422	-45.463570
156.115723	-41.198971
161.499023	-41.134933
166.882324	-32.866753
172.265625	-27.932608
177.648926	-28.033134
183.032227	-34.379601
188.415527	-48.266670
193.798828	-60.399063
199.182129	-58.812969
204.565430	-63.908169
209.948730	-63.048946
215.332031	-66.076927
220.715332	-62.987782
226.098633	-65.348778
231.481934	-72.613678
236.865234	-67.918785
242.248535	-64.966263
247.631836	-59.300892
253.015137	-59.811306
258.398438	-64.986870
263.781738	-68.793724
269.165039	-65.361893
274.548340	-62.576519
279.931641	-71.261902
285.314941	-67.733475
290.698242	-71.531044
296.081543	-62.682194
301.464844	-64.132233
306.848145	-63.819939
312.231445	-53.566292
317.614746	-43.277279
322.998047	-37.898685
328.381348	-40.112843
333.764648	-37.035374
339.147949	-34.511742
344.531250	-31.746895
349.914551	-28.175508
355.297852	-29.604893
360.681152	-35.771030
366.064453	-46.759209
371.447754	-57.047920
376.831055	-67.020584
382.214355	-69.338943
387.597656	-65.155014
392.980957	-62.256348
398.364258	-61.254883
403.747559	-64.973183
409.130859	-66.697769
414.514160	-65.441055
419.897461	-68.002945
425.280762	-57.968060
430.664063	-65.478813
436.047363	-55.588444
441.430664	-65.570793
446.813965	-59.226517
452.197266	-55.058987
457.580566	-51.963001
462.963867	-49.095444
468.347168	-46.938972
473.730469	-46.485970
479.113770	-42.556538
484.497070	-39.477077
489.880371	-38.419239
495.263672	-37.847088
500.646973	-38.433617
506.030273	-37.907166
511.413574	-35.112953
516.796875	-32.400219
522.180176	-31.008003
527.563477	-28.677156
532.946777	-29.351652
538.330078	-33.081463
543.713379	-44.846146
549.096680	-55.858490
554.479980	-57.102592
559.863281	-63.779625
565.246582	-58.094410
570.629883	-60.983662
576.013184	-61.224064
581.396484	-66.591881
586.779785	-83.774948
592.163086	-62.865864
597.546387	-63.794109
602.929688	-56.274132
608.312988	-55.140911
613.696289	-50.353600
619.079590	-49.220623
624.462891	-50.920906
629.846191	-47.807312
635.229492	-50.842899
640.612793	-46.398106
645.996094	-39.529278
651.379395	-35.400139
656.762695	-40.136570
662.145996	-41.581284
667.529297	-35.266525
672.912598	-30.408161
678.295898	-27.907410
683.679199	-30.167677
689.062500	-30.564501
694.445801	-28.661299
699.829102	-26.116697
705.212402	-24.601778
710.595703	-27.678350
715.979004	-34.931370
721.362305	-45.759174
726.745605	-44.015350
732.128906	-47.103741
737.512207	-38.505196
742.895508	-41.263153
748.278809	-41.321278
753.662109	-35.573540
759.045410	-36.610039
764.428711	-38.004360
769.812012	-46.142952
775.195313	-35.452721
780.578613	-33.603680
785.961914	-39.404278
791.345215	-34.418076
796.728516	-32.470684
802.111816	-38.096466
807.495117	-31.461353
812.878418	-26.189924
818.261719	-29.697929
823.645020	-35.324707
829.028320	-39.112362
834.411621	-37.162254
839.794922	-42.931385
845.178223	-37.522541
850.561523	-34.134644
855.944824	-36.251190
861.328125	-36.279125
866.711426	-35.541489
872.094727	-34.744091
877.478027	-31.129747
882.861328	-28.522255
888.244629	-29.958323
893.627930	-35.135338
899.011230	-42.984589
904.394531	-54.303944
909.777832	-54.422710
915.161133	-58.872719
920.544434	-63.478687
925.927734	-56.100319
931.311035	-60.022072
936.694336	-56.805340
942.077637	-49.725025
947.460938	-49.524704
952.844238	-44.374252
958.227539	-40.204651
963.610840	-37.568054
968.994141	-41.741135
974.377441	-42.583252
979.760742	-38.147541
985.144043	-39.891273
990.527344	-42.216541
995.910645	-38.723709
1001.293945	-37.693970
1006.677246	-37.430275
1012.060547	-36.370918
1017.443848	-33.676903
1022.827148	-31.864780
1028.210449	-33.210720
1033.593750	-34.218430
1038.977051	-33.274048
1044.360352	-33.588287
1049.743652	-33.172726
1055.126953	-31.332735
1060.510254	-29.836229
1065.893555	-30.774961
1071.276855	-33.056824
1076.660156	-39.668423
1082.043457	-43.210499
1087.426758	-57.761127
1092.810059	-50.495926
1098.193359	-53.864128
1103.576660	-52.093071
1108.959961	-45.222893
1114.343262	-48.343899
1119.726563	-43.438526
1125.109863	-41.049774
1130.493164	-42.282745
1135.876465	-42.596336
1141.259766	-44.007378
1146.643066	-40.145027
1152.026367	-38.323315
1157.409668	-38.426613
1162.792969	-38.353416
1168.176270	-40.439400
1173.559570	-37.556671
1178.942871	-35.712727
1184.326172	-35.333618
1189.709473	-37.042629
1195.092773	-32.514202
1200.476074	-32.211330
1205.859375	-31.387089
1211.242676	-27.642809
1216.625977	-27.444765
1222.009277	-25.902676
1227.392578	-25.019192
1232.775879	-25.009377
1238.159180	-21.282192
1243.542480	-21.915037
1248.925781	-21.717892
1254.309082	-30.558693
1259.692383	-30.934111
1265.075684	-33.290455
1270.458984	-25.379778
1275.842285	-27.355421
1281.225586	-27.485052
1286.608887	-28.697496
1291.992188	-28.449289
1297.375488	-32.752468
1302.758789	-35.009975
1308.142090	-34.342190
1313.525391	-31.325392
1318.908691	-32.508217
1324.291992	-35.006195
1329.675293	-35.776066
1335.058594	-34.501366
1340.441895	-32.118965
1345.825195	-34.100090
1351.208496	-35.256905
1356.591797	-34.898079
1361.975098	-35.389149
1367.358398	-36.646767
1372.741699	-35.583706
1378.125000	-35.704815
1383.508301	-36.441788
1388.891602	-35.411045
1394.274902	-34.393639
1399.658203	-33.798367
1405.041504	-35.911755
1410.424805	-35.550659
1415.808105	-30.852476
1421.191406	-27.910065
1426.574707	-30.527960
1431.958008	-37.060719
1437.341309	-47.607132
1442.724609	-40.770454
1448.107910	-50.409107
1453.491211	-50.785122
1458.874512	-46.357750
1464.257813	-47.000515
1469.641113	-48.794907
1475.024414	-46.082100
1480.407715	-44.671986
1485.791016	-44.976582
1491.174316	-46.477566
1496.557617	-45.803543
1501.940918	-46.591114
1507.324219	-48.684734
1512.707520	-45.487614
1518.090820	-42.887863
1523.474121	-41.079636
1528.857422	-42.275341
1534.240723	-42.716930
1539.624023	-42.078686
1545.007324	-42.361938
1550.390625	-41.574615
1555.773926	-40.709934
1561.157227	-40.767941
1566.540527	-42.260777
1571.923828	-41.621071
1577.307129	-43.545082
1582.690430	-40.084003
1588.073730	-35.339066
1593.457031	-43.806175
1598.840332	-36.913822
1604.223633	-41.863174
1609.606934	-46.585651
1614.990234	-51.660919
1620.373535	-66.584938
1625.756836	-50.882553
1631.140137	-57.308266
1636.523438	-53.575970
1641.906738	-52.261871
1647.290039	-58.314011
1652.673340	-55.831093
1658.056641	-55.315475
1663.439941	-54.031750
1668.823242	-57.444248
1674.206543	-56.370361
1679.589844	-52.801926
1684.973145	-57.580597
1690.356445	-62.265453
1695.739746	-57.549225
1701.123047	-55.640556
1706.506348	-53.183769
1711.889648	-52.307018
1717.272949	-53.626759
1722.656250	-49.664375
1728.039551	-50.317173
1733.422852	-46.182362
1738.806152	-43.511463
1744.189453	-50.041142
1749.572754	-46.240028
1754.956055	-45.561581
1760.339355	-50.080761
1765.722656	-45.840374
1771.105957	-41.400723
1776.489258	-44.215221
1781.872559	-46.798729
1787.255859	-53.692673
1792.639160	-53.145508
1798.022461	-51.668789
1803.405762	-59.634354
1808.789063	-56.630558
1814.172363	-56.369312
1819.555664	-56.721043
1824.938965	-60.522297
1830.322266	-63.896618
1835.705566	-60.510323
1841.088867	-67.563011
1846.472168	-69.820244
1851.855469	-56.820240
1857.238770	-56.936359
1862.622070	-59.777836
1868.005371	-61.161110
1873.388672	-68.999611
1878.771973	-65.921997
1884.155273	-62.045151
1889.538574	-67.230721
1894.921875	-76.834206
1900.305176	-62.413628
1905.688477	-62.178093
1911.071777	-67.756104
1916.455078	-65.942299
1921.838379	-60.380943
1927.221680	-68.166763
1932.604980	-70.620773
1937.988281	-67.926849
1943.371582	-61.333416
1948.754883	-62.859020
1954.138184	-56.144974
1959.521484	-60.531395
1964.904785	-77.976082
1970.288086	-65.738129
1975.671387	-66.127586
1981.054688	-60.892662
1986.437988	-60.065369
1991.821289	-62.950462
1997.204590	-62.404140
2002.587891	-60.187737
2007.971191	-59.219021
2013.354492	-55.580547
2018.737793	-57.319389
2024.121094	-56.145584
2029.504395	-55.538864
2034.887695	-61.195885
2040.270996	-57.589127
2045.654297	-53.321121
2051.037598	-55.121151
2056.420898	-55.967064
2061.804199	-52.702709
2067.187500	-52.610031
2072.570801	-54.967201
2077.954102	-65.298859
2083.337402	-61.424908
2088.720703	-53.903263
2094.104004	-54.230618
2099.487305	-58.337044
2104.870605	-56.206753
2110.253906	-54.382439
2115.637207	-60.655464
2121.020508	-59.307716
2126.403809	-53.758080
2131.787109	-50.993870
2137.170410	-57.283119
2142.553711	-54.662323
2147.937012	-55.745026
2153.320313	-69.180923
2158.703613	-61.676739
2164.086914	-63.723858
2169.470215	-59.739113
2174.853516	-59.629662
2180.236816	-62.194103
2185.620117	-58.262203
2191.003418	-60.062737
2196.386719	-58.479172
2201.770020	-56.636509
2207.153320	-55.435249
2212.536621	-59.567326
2217.919922	-70.627274
2223.303223	-60.337460
2228.686523	-50.853382
2234.069824	-49.819412
2239.453125	-53.286491
2244.836426	-56.929539
2250.219727	-53.510170
2255.603027	-48.055237
2260.986328	-47.623203
2266.369629	-51.761208
2271.752930	-52.109249
2277.136230	-46.670868
2282.519531	-46.185997
2287.902832	-50.191479
2293.286133	-54.406101
2298.669434	-46.993313
2304.052734	-42.342442
2309.436035	-46.435818
2314.819336	-45.512650
2320.202637	-47.904049
2325.585938	-61.017529
2330.969238	-49.177505
2336.352539	-49.162136
2341.735840	-55.089100
2347.119141	-49.057606
2352.502441	-48.036270
2357.885742	-55.144901
2363.269043	-54.863285
2368.652344	-50.716797
2374.035645	-47.856182
2379.418945	-48.662106
2384.802246	-53.162064
2390.185547	-50.841202
2395.568848	-46.187149
2400.952148	-45.850883
2406.335449	-50.520187
2411.718750	-59.104752
2417.102051	-51.697262
2422.485352	-48.534512
2427.868652	-47.175514
2433.251953	-49.939606
2438.635254	-60.456200
2444.018555	-52.338955
2449.401855	-48.312645
2454.785156	-49.895374
2460.168457	-51.966709
2465.551758	-55.955490
2470.935059	-51.046722
2476.318359	-46.419117
2481.701660	-46.684254
2487.084961	-45.032784
2492.468262	-46.027481
2497.851563	-58.555611
2503.234863	-57.497150
2508.618164	-46.210770
2514.001465	-50.947979
2519.384766	-52.923687
2524.768066	-51.605484
2530.151367	-48.552639
2535.534668	-46.155106
2540.917969	-46.924587
2546.301270	-56.667458
2551.684570	-50.023621
2557.067871	-38.981285
2562.451172	-38.021393
2567.834473	-40.714298
2573.217773	-44.826996
2578.601074	-53.351116
2583.984375	-45.742485
2589.367676	-38.472748
2594.750977	-37.376698
2600.134277	-40.356590
2605.517578	-45.945244
2610.900879	-44.056549
2616.284180	-41.872574
2621.667480	-38.314068
2627.050781	-38.259613
2632.434082	-42.098385
2637.817383	-42.843586
2643.200684	-37.186798
2648.583984	-36.758305
2653.967285	-38.068649
2659.350586	-35.344616
2664.733887	-31.034883
2670.117188	-35.267990
2675.500488	-37.747910
2680.883789	-38.910679
2686.267090	-39.756241
2691.650391	-48.515202
2697.033691	-39.013226
2702.416992	-41.090717
2707.800293	-49.380875
2713.183594	-62.165867
2718.566895	-38.870449
2723.950195	-36.068691
2729.333496	-35.607979
2734.716797	-36.524414
2740.100098	-44.256817
2745.483398	-46.928768
2750.866699	-37.859596
2756.250000	-34.262222
2761.633301	-35.242287
2767.016602	-38.857090
2772.399902	-41.092213
2777.783203	-42.383209
2783.166504	-35.342079
2788.549805	-33.593178
2793.933105	-35.955017
2799.316406	-39.938972
2804.699707	-50.460224
2810.083008	-38.010845
2815.466309	-34.826485
2820.849609	-34.325920
2826.232910	-35.391418
2831.616211	-38.099072
2836.999512	-25.761232
2842.382813	-27.791861
2847.766113	-36.083054
2853.149414	-31.704271
2858.532715	-30.529203
2863.916016	-37.077541
2869.299316	-32.758041
2874.682617	-54.446575
2880.065918	-36.323925
2885.449219	-35.492176
2890.832520	-31.639057
2896.215820	-32.423840
2901.599121	-33.161774
2906.982422	-38.412453
2912.365723	-47.048737
2917.749023	-36.366058
2923.132324	-34.329662
2928.515625	-36.188236
2933.898926	-36.294224
2939.282227	-38.318951
2944.665527	-48.031376
2950.048828	-44.791775
2955.432129	-40.140408
2960.815430	-35.891163
2966.198730	-35.034710
2971.582031	-42.814014
2976.965332	-44.930622
2982.348633	-41.287098
2987.731934	-36.561188
2993.115234	-38.069237
2998.498535	-50.304333
3003.881836	-45.306305
3009.265137	-40.060703
3014.648438	-38.064735
3020.031738	-41.413437
3025.415039	-37.026283
3030.798340	-41.084820
3036.181641	-60.953651
3041.564941	-62.118591
3046.948242	-47.755741
3052.331543	-45.273556
3057.714844	-46.063274
3063.098145	-43.274242
3068.481445	-46.805737
3073.864746	-65.090591
3079.248047	-47.651459
3084.631348	-45.461887
3090.014648	-48.015968
3095.397949	-59.138351
3100.781250	-53.449982
3106.164551	-52.980259
3111.547852	-54.139828
3116.931152	-52.145969
3122.314453	-46.026703
3127.697754	-42.030670
3133.081055	-43.829735
3138.464355	-44.388027
3143.847656	-47.118313
3149.230957	-59.147049
3154.614258	-49.552773
3159.997559	-48.664330
3165.380859	-56.193348
3170.764160	-48.528282
3176.147461	-54.118496
3181.530762	-43.430897
3186.914063	-40.913200
3192.297363	-48.039047
3197.680664	-45.465153
3203.063965	-46.322708
3208.447266	-43.969368
3213.830566	-47.774471
3219.213867	-56.371464
3224.597168	-47.549374
3229.980469	-50.257137
3235.363770	-65.556976
3240.747070	-68.176758
3246.130371	-59.130146
3251.513672	-65.549171
3256.896973	-64.641060
3262.280273	-53.501190
3267.663574	-51.136997
3273.046875	-56.596348
3278.430176	-56.486187
3283.813477	-54.608067
3289.196777	-52.484833
3294.580078	-53.267132
3299.963379	-45.950085
3305.346680	-48.990028
3310.729980	-50.310459
3316.113281	-52.945755
3321.496582	-60.422462
3326.879883	-55.906696
3332.263184	-59.416496
3337.646484	-56.535011
3343.029785	-55.131416
3348.413086	-43.659882
3353.796387	-38.792912
3359.179688	-41.927086
3364.562988	-42.853893
3369.946289	-41.342827
3375.329590	-41.247089
3380.712891	-33.978954
3386.096191	-37.445629
3391.479492	-46.675934
3396.862793	-41.734222
3402.246094	-44.536366
3407.629395	-55.448799
3413.012695	-44.181057
3418.395996	-45.754120
3423.779297	-41.602470
3429.162598	-44.300301
3434.545898	-38.474541
3439.929199	-38.579121
3445.312500	-41.310947
3450.695801	-44.819443
3456.079102	-41.761868
3461.462402	-39.016602
3466.845703	-36.834015
3472.229004	-32.102230
3477.612305	-30.802326
3482.995605	-38.118198
3488.378906	-46.324890
3493.762207	-45.005798
3499.145508	-36.786736
3504.528809	-30.882345
3509.912109	-33.557972
3515.295410	-50.113686
3520.678711	-33.367687
3526.062012	-30.485207
3531.445313	-32.433464
3536.828613	-32.965557
3542.211914	-31.154997
3547.595215	-35.531673
3552.978516	-27.757813
3558.361816	-27.903965
3563.745117	-34.952644
3569.128418	-34.523956
3574.511719	-38.762379
3579.895020	-38.833984
3585.278320	-41.159534
3590.661621	-40.277210
3596.044922	-34.155952
3601.428223	-34.154552
3606.811523	-37.904270
3612.194824	-35.484108
3617.578125	-45.716324
3622.961426	-38.295197
3628.344727	-40.713726
3633.728027	-37.429169
3639.111328	-31.740175
3644.494629	-30.391960
3649.877930	-37.463280
3655.261230	-35.925804
3660.644531	-37.704418
3666.027832	-45.546124
3671.411133	-34.117397
3676.794434	-32.192490
3682.177734	-37.886189
3687.561035	-46.426495
3692.944336	-35.827209
3698.327637	-35.717697
3703.710938	-34.060226
3709.094238	-32.682945
3714.477539	-34.173862
3719.860840	-40.609131
3725.244141	-33.114471
3730.627441	-29.149462
3736.010742	-33.222458
3741.394043	-33.637081
3746.777344	-36.779198
3752.160645	-38.377041
3757.543945	-35.346703
3762.927246	-65.835304
3768.310547	-36.322182
3773.693848	-36.058773
3779.077148	-44.477062
3784.460449	-44.257584
3789.843750	-45.266121
3795.227051	-51.100864
3800.610352	-38.652580
3805.993652	-35.743004
3811.376953	-36.683765
3816.760254	-38.062046
3822.143555	-38.073360
3827.526855	-42.462116
3832.910156	-60.350277
3838.293457	-45.716434
3843.676758	-43.962849
3849.060059	-46.799683
3854.443359	-52.409626
3859.826660	-56.972557
3865.209961	-55.545433
3870.593262	-61.413925
3875.976563	-58.706985
3881.359863	-57.700989
3886.743164	-63.000130
3892.126465	-73.199455
3897.509766	-87.512444
3902.893066	-69.708534
3908.276367	-74.883064
3913.659668	-80.316612
3919.042969	-76.147064
3924.426270	-79.190605
3929.809570	-82.663635
3935.192871	-80.305367
3940.576172	-80.874496
3945.959473	-81.404694
3951.342773	-81.141235
3956.726074	-81.337265
3962.109375	-81.410614
3967.492676	-81.494186
3972.875977	-81.577446
3978.259277	-81.665199
3983.642578	-81.752022
3989.025879	-81.835754
3994.409180	-81.918648
3999.792480	-81.995781
4005.175781	-82.078484
4010.559082	-82.155762
4015.942383	-82.240303
4021.325684	-82.315590
4026.708984	-82.384254
4032.092285	-82.471954
4037.475586	-82.530708
4042.858887	-82.621964
4048.242188	-82.679703
4053.625488	-82.761917
4059.008789	-82.826607
4064.392090	-82.898613
4069.775391	-82.974533
4075.158691	-83.033714
4080.541992	-83.104050
4085.925293	-83.171303
4091.308594	-83.244156
4096.691895	-83.302917
4102.075195	-83.367027
4107.458496	-83.435669
4112.841797	-83.498863
4118.225098	-83.561150
4123.608398	-83.628891
4128.991699	-83.680183
4134.375000	-83.746849
4139.758301	-83.811020
4145.141602	-83.864189
4150.524902	-83.924805
4155.908203	-83.990044
4161.291504	-84.041489
4166.674805	-84.096771
4172.058105	-84.164734
4177.441406	-84.207909
4182.824707	-84.269600
4188.208008	-84.330658
4193.591309	-84.382721
4198.974609	-84.437111
4204.357910	-84.485474
4209.741211	-84.546318
4215.124512	-84.585915
4220.507813	-84.652534
4225.891113	-84.697792
4231.274414	-84.754379
4236.657715	-84.797791
4242.041016	-84.854233
4247.424316	-84.906326
4252.807617	-84.951324
4258.190918	-85.003265
4263.574219	-85.060013
4268.957520	-85.094727
4274.340820	-85.154846
4279.724121	-85.195038
4285.107422	-85.240433
4290.490723	-85.296333
4295.874023	-85.329575
4301.257324	-85.390594
4306.640625	-85.432671
4312.023926	-85.473816
4317.407227	-85.526405
4322.790527	-85.562195
4328.173828	-85.610023
4333.557129	-85.651787
4338.940430	-85.703613
4344.323730	-85.742149
4349.707031	-85.781197
4355.090332	-85.832840
4360.473633	-85.880173
4365.856934	-85.907997
4371.240234	-85.952187
4376.623535	-86.005623
4382.006836	-86.024048
4387.390137	-86.081856
4392.773438	-86.133331
4398.156738	-86.140953
4403.540039	-86.217064
4408.923340	-86.229416
4414.306641	-86.291695
4419.689941	-86.310844
4425.073242	-86.359612
4430.456543	-86.396332
4435.839844	-86.443161
4441.223145	-86.458733
4446.606445	-86.520775
4451.989746	-86.560272
4457.373047	-86.575233
4462.756348	-86.638474
4468.139648	-86.647667
4473.522949	-86.703949
4478.906250	-86.753830
4484.289551	-86.758652
4489.672852	-86.815300
4495.056152	-86.849937
4500.439453	-86.880119
4505.822754	-86.915382
4511.206055	-86.951492
4516.589355	-86.980927
4521.972656	-87.043213
4527.355957	-87.034149
4532.739258	-87.108772
4538.122559	-87.111656
4543.505859	-87.176704
4548.889160	-87.185753
4554.272461	-87.226082
4559.655762	-87.275970
4565.039063	-87.275665
4570.422363	-87.333641
4575.805664	-87.379448
4581.188965	-87.370529
4586.572266	-87.415306
4591.955566	-87.470070
4597.338867	-87.475555
4602.722168	-87.544823
4608.105469	-87.541840
4613.488770	-87.588486
4618.872070	-87.611931
4624.255371	-87.644745
4629.638672	-87.693001
4635.021973	-87.699875
4640.405273	-87.740707
4645.788574	-87.775589
4651.171875	-87.788330
4656.555176	-87.850830
4661.938477	-87.867271
4667.321777	-87.871452
4672.705078	-87.952240
4678.088379	-87.935715
4683.471680	-87.988548
4688.854980	-88.028061
4694.238281	-88.024002
4699.621582	-88.072525
4705.004883	-88.108810
4710.388184	-88.118126
4715.771484	-88.184601
4721.154785	-88.178741
4726.538086	-88.226906
4731.921387	-88.232872
4737.304688	-88.253075
4742.687988	-88.333519
4748.071289	-88.318970
4753.454590	-88.352943
4758.837891	-88.373825
4764.221191	-88.400177
4769.604492	-88.458946
4774.987793	-88.423973
4780.371094	-88.531326
4785.754395	-88.507019
4791.137695	-88.559097
4796.520996	-88.548401
4801.904297	-88.598030
4807.287598	-88.644623
4812.670898	-88.638893
4818.054199	-88.673462
4823.437500	-88.704857
4828.820801	-88.761391
4834.204102	-88.741646
4839.587402	-88.730522
4844.970703	-88.865211
4850.354004	-88.825577
4855.737305	-88.868279
4861.120605	-88.851936
4866.503906	-88.931633
4871.887207	-88.947746
4877.270508	-88.925713
4882.653809	-89.021309
4888.037109	-88.976433
4893.420410	-89.043602
4898.803711	-89.080643
4904.187012	-89.045677
4909.570313	-89.099846
4914.953613	-89.175568
4920.336914	-89.120895
4925.720215	-89.210716
4931.103516	-89.202126
4936.486816	-89.213799
4941.870117	-89.265739
4947.253418	-89.264137
4952.636719	-89.301575
4958.020020	-89.377296
4963.403320	-89.289543
4968.786621	-89.374428
4974.169922	-89.405945
4979.553223	-89.409264
4984.936523	-89.439247
4990.319824	-89.490440
4995.703125	-89.468269
5001.086426	-89.497757
5006.469727	-89.491219
5011.853027	-89.559319
5017.236328	-89.628922
5022.619629	-89.572792
5028.002930	-89.581963
5033.386230	-89.714569
5038.769531	-89.601395
5044.152832	-89.725220
5049.536133	-89.668938
5054.919434	-89.747269
5060.302734	-89.779877
5065.686035	-89.735168
5071.069336	-89.828346
5076.452637	-89.812660
5081.835938	-89.822723
5087.219238	-89.872856
5092.602539	-89.934097
5097.985840	-89.803284
5103.369141	-89.983261
5108.752441	-89.946243
5114.135742	-89.966751
5119.519043	-89.956703
5124.902344	-90.032570
5130.285645	-89.987984
5135.668945	-90.043060
5141.052246	-90.104706
5146.435547	-90.113556
5151.818848	-90.062004
5157.202148	-90.145065
5162.585449	-90.171867
5167.968750	-90.155579
5173.352051	-90.234383
5178.735352	-90.215363
5184.118652	-90.186920
5189.501953	-90.267799
5194.885254	-90.275734
5200.268555	-90.323006
5205.651855	-90.245621
5211.035156	-90.364265
5216.418457	-90.350548
5221.801758	-90.414192
5227.185059	-90.309998
5232.568359	-90.476212
5237.951660	-90.317940
5243.334961	-90.556221
5248.718262	-90.437782
5254.101563	-90.506691
5259.484863	-90.535942
5264.868164	-90.540192
5270.251465	-90.475517
5275.634766	-90.555405
5281.018066	-90.679932
5286.401367	-90.600159
5291.784668	-90.573853
5297.167969	-90.606300
5302.551270	-90.706116
5307.934570	-90.649857
5313.317871	-90.702446
5318.701172	-90.779655
5324.084473	-90.692383
5329.467773	-90.720879
5334.851074	-90.758743
5340.234375	-90.885086
5345.617676	-90.728409
5351.000977	-90.879066
5356.384277	-90.761406
5361.767578	-90.937157
5367.150879	-90.968491
5372.534180	-90.716370
5377.917480	-91.009987
5383.300781	-90.890472
5388.684082	-90.960449
5394.067383	-90.980774
5399.450684	-90.994774
5404.833984	-90.986031
5410.217285	-91.042496
5415.600586	-91.058205
5420.983887	-90.997673
5426.367188	-91.066093
5431.750488	-91.136787
5437.133789	-91.071556
5442.517090	-91.137627
5447.900391	-91.219948
5453.283691	-91.119324
5458.666992	-91.139114
5464.050293	-91.271088
5469.433594	-91.226646
5474.816895	-91.156303
5480.200195	-91.252121
5485.583496	-91.270866
5490.966797	-91.292931
5496.350098	-91.258026
5501.733398	-91.358353
5507.116699	-91.331192
5512.500000	-91.343834
5517.883301	-91.389778
5523.266602	-91.419785
5528.649902	-91.360466
5534.033203	-91.347702
5539.416504	-91.594154
5544.799805	-91.397881
5550.183105	-91.407959
5555.566406	-91.469849
5560.949707	-91.497871
5566.333008	-91.503754
5571.716309	-91.474579
5577.099609	-91.625763
5582.482910	-91.545624
5587.866211	-91.622948
5593.249512	-91.535019
5598.632813	-91.641335
5604.016113	-91.579948
5609.399414	-91.695412
5614.782715	-91.647202
5620.166016	-91.670898
5625.549316	-91.716553
5630.932617	-91.744728
5636.315918	-91.556534
5641.699219	-91.936523
5647.082520	-91.616859
5652.465820	-91.770462
5657.849121	-91.835617
5663.232422	-91.728500
5668.615723	-91.811493
5673.999023	-91.900688
5679.382324	-91.745010
5684.765625	-92.001755
5690.148926	-91.878441
5695.532227	-91.762955
5700.915527	-91.997787
5706.298828	-91.831215
5711.682129	-91.933891
5717.065430	-91.998138
5722.448730	-91.880806
5727.832031	-92.145348
5733.215332	-91.887947
5738.598633	-91.953682
5743.981934	-92.148918
5749.365234	-91.997849
5754.748535	-92.032425
5760.131836	-92.002007
5765.515137	-92.159630
5770.898438	-92.149780
5776.281738	-92.046127
5781.665039	-92.067970
5787.048340	-92.196327
5792.431641	-92.217598
5797.814941	-92.057259
5803.198242	-92.239288
5808.581543	-92.065063
5813.964844	-92.289566
5819.348145	-92.237366
5824.731445	-92.228233
5830.114746	-92.290443
5835.498047	-92.254898
5840.881348	-92.205147
5846.264648	-92.406265
5851.647949	-92.316689
5857.031250	-92.235901
5862.414551	-92.363083
5867.797852	-92.371490
5873.181152	-92.417877
5878.564453	-92.400291
5883.947754	-92.394951
5889.331055	-92.295830
5894.714355	-92.525520
5900.097656	-92.462280
5905.480957	-92.381310
5910.864258	-92.462662
5916.247559	-92.531067
5921.630859	-92.562805
5927.014160	-92.495819
5932.397461	-92.468925
5937.780762	-92.408760
5943.164063	-92.844116
5948.547363	-92.304512
5953.930664	-92.620041
5959.313965	-92.646812
5964.697266	-92.516747
5970.080566	-92.751366
5975.463867	-92.567772
5980.847168	-92.553894
5986.230469	-92.677963
5991.613770	-92.621887
5996.997070	-92.666534
6002.380371	-92.854767
6007.763672	-92.675682
6013.146973	-92.612061
6018.530273	-92.793427
6023.913574	-92.743202
6029.296875	-92.760025
6034.680176	-92.755615
6040.063477	-92.805763
6045.446777	-92.748749
6050.830078	-92.741585
6056.213379	-92.973511
6061.596680	-92.984680
6066.979980	-92.505989
6072.363281	-93.160576
6077.746582	-92.843658
6083.129883	-92.790466
6088.513184	-92.981041
6093.896484	-93.035782
6099.279785	-92.821007
6104.663086	-92.932983
6110.046387	-92.913307
6115.429688	-93.116829
6120.812988	-92.873032
6126.196289	-92.951927
6131.579590	-93.087257
6136.962891	-92.977440
6142.346191	-92.906822
6147.729492	-93.157593
6153.112793	-92.957550
6158.496094	-93.100761
6163.879395	-93.132767
6169.262695	-93.096214
6174.645996	-93.131744
6180.029297	-93.055191
6185.412598	-93.193192
6190.795898	-93.152504
6196.179199	-93.124237
6201.562500	-93.237755
6206.945801	-93.246162
6212.329102	-92.971001
6217.712402	-93.376915
6223.095703	-93.233322
6228.479004	-93.103302
6233.862305	-93.281677
6239.245605	-93.310539
6244.628906	-93.394684
6250.012207	-93.066383
6255.395508	-93.454018
6260.778809	-93.260071
6266.162109	-93.327217
6271.545410	-93.164261
6276.928711	-93.572395
6282.312012	-93.092735
6287.695313	-93.461761
6293.078613	-93.432793
6298.461914	-93.449821
6303.845215	-93.258812
6309.228516	-93.719452
6314.611816	-93.070381
6319.995117	-93.490562
6325.378418	-93.581100
6330.761719	-93.402351
6336.145020	-93.405174
6341.528320	-93.371529
6346.911621	-93.683113
6352.294922	-93.524620
6357.678223	-93.262344
6363.061523	-93.730057
6368.444824	-93.515816
6373.828125	-93.551430
6379.211426	-93.530067
6384.594727	-93.566162
6389.978027	-93.701797
6395.361328	-93.429527
6400.744629	-93.662201
6406.127930	-93.653061
6411.511230	-93.660904
6416.894531	-93.587883
6422.277832	-93.815727
6427.661133	-93.617950
6433.044434	-93.646652
6438.427734	-93.780670
6443.811035	-93.337708
6449.194336	-94.219391
6454.577637	-93.548058
6459.960938	-93.742203
6465.344238	-93.695244
6470.727539	-93.685928
6476.110840	-93.925804
6481.494141	-93.509064
6486.877441	-93.878304
6492.260742	-93.876503
6497.644043	-93.681068
6503.027344	-94.056000
6508.410645	-93.705223
6513.793945	-94.185677
6519.177246	-93.486603
6524.560547	-93.898872
6529.943848	-93.961838
6535.327148	-93.941383
6540.710449	-93.879150
6546.093750	-93.720528
6551.477051	-94.473099
6556.860352	-93.434189
6562.243652	-94.103058
6567.626953	-94.063713
6573.010254	-93.833580
6578.393555	-94.115631
6583.776855	-93.840553
6589.160156	-93.934914
6594.543457	-94.149155
6599.926758	-93.985008
6605.310059	-93.884346
6610.693359	-94.077080
6616.076660	-94.062630
6621.459961	-94.380798
6626.843262	-93.801064
6632.226563	-94.219917
6637.609863	-93.778084
6642.993164	-94.288780
6648.376465	-94.178238
6653.759766	-94.065369
6659.143066	-93.897736
6664.526367	-94.167900
6669.909668	-94.486237
6675.292969	-94.091171
6680.676270	-93.879669
6686.059570	-94.641808
6691.442871	-93.993088
6696.826172	-94.211349
6702.209473	-94.144867
6707.592773	-94.168655
6712.976074	-94.152916
6718.359375	-94.685104
6723.742676	-94.122711
6729.125977	-94.056648
6734.509277	-94.218552
6739.892578	-94.523727
6745.275879	-94.203003
6750.659180	-94.345413
6756.042480	-94.414200
6761.425781	-94.249802
6766.809082	-94.362251
6772.192383	-94.030449
6777.575684	-94.747124
6782.958984	-94.197342
6788.342285	-94.530792
6793.725586	-94.286224
6799.108887	-94.506020
6804.492188	-94.247978
6809.875488	-94.667847
6815.258789	-94.412163
6820.642090	-94.247025
6826.025391	-94.586639
6831.408691	-94.292091
6836.791992	-94.513359
6842.175293	-94.458626
6847.558594	-94.625061
6852.941895	-94.176949
6858.325195	-94.689209
6863.708496	-94.435966
6869.091797	-94.411255
6874.475098	-94.900139
6879.858398	-94.233498
6885.241699	-94.516335
6890.625000	-94.612770
6896.008301	-94.727165
6901.391602	-94.484337
6906.774902	-94.593788
6912.158203	-94.870041
6917.541504	-94.122543
6922.924805	-94.936897
6928.308105	-94.704529
6933.691406	-94.544197
6939.074707	-94.676666
6944.458008	-94.793518
6949.841309	-94.534607
6955.224609	-94.835922
6960.607910	-94.269707
6965.991211	-95.043259
6971.374512	-94.745789
6976.757813	-94.527161
6982.141113	-95.091347
6987.524414	-94.421402
6992.907715	-95.037735
6998.291016	-94.726677
7003.674316	-94.595505
7009.057617	-94.749855
7014.440918	-95.036446
7019.824219	-94.508118
7025.207520	-94.999779
7030.590820	-94.781219
7035.974121	-94.506897
7041.357422	-95.313454
7046.740723	-94.685066
7052.124023	-94.672478
7057.507324	-95.052689
7062.890625	-94.894829
7068.273926	-94.829865
7073.657227	-94.595078
7079.040527	-95.317924
7084.423828	-94.630455
7089.807129	-95.163094
7095.190430	-94.578049
7100.573730	-95.599014
7105.957031	-94.312653
7111.340332	-95.205986
7116.723633	-94.910004
7122.106934	-95.062683
7127.490234	-95.038643
7132.873535	-94.782516
7138.256836	-95.134521
7143.640137	-95.029114
7149.023438	-95.167229
7154.406738	-94.734192
7159.790039	-95.196564
7165.173340	-95.073654
7170.556641	-95.075958
7175.939941	-95.110680
7181.323242	-95.272835
7186.706543	-94.560143
7192.089844	-95.291054
7197.473145	-94.983910
7202.856445	-95.339844
7208.239746	-95.056122
7213.623047	-95.442352
7219.006348	-95.095428
7224.389648	-94.738838
7229.772949	-95.275986
7235.156250	-95.358658
7240.539551	-95.143463
7245.922852	-95.072456
7251.306152	-95.420860
7256.689453	-94.771034
7262.072754	-95.499138
7267.456055	-95.122856
7272.839355	-95.257484
7278.222656	-95.389656
7283.605957	-94.826225
7288.989258	-95.553123
7294.372559	-95.177963
7299.755859	-95.336716
7305.139160	-95.297729
7310.522461	-94.985756
7315.905762	-95.370636
7321.289063	-95.367294
7326.672363	-95.407066
7332.055664	-95.115059
7337.438965	-95.397552
7342.822266	-95.662842
7348.205566	-94.801270
7353.588867	-95.890549
7358.972168	-95.658279
7364.355469	-94.819832
7369.738770	-95.438553
7375.122070	-95.351875
7380.505371	-95.630981
7385.888672	-95.215828
7391.271973	-95.652252
7396.655273	-95.287781
7402.038574	-95.335114
7407.421875	-95.580482
7412.805176	-95.375595
7418.188477	-95.533150
7423.571777	-95.219879
7428.955078	-95.589378
7434.338379	-95.408745
7439.721680	-95.427422
7445.104980	-95.776642
7450.488281	-95.181305
7455.871582	-95.795456
7461.254883	-95.165810
7466.638184	-95.642860
7472.021484	-95.492744
7477.404785	-95.666908
7482.788086	-95.489731
7488.171387	-95.499626
7493.554688	-95.792969
7498.937988	-95.317062
7504.321289	-95.771202
7509.704590	-95.285866
7515.087891	-95.732910
7520.471191	-95.455544
7525.854492	-96.016876
7531.237793	-95.649406
7536.621094	-95.136803
7542.004395	-96.043793
7547.387695	-95.662865
7552.770996	-95.367538
7558.154297	-96.050591
7563.537598	-95.609535
7568.920898	-95.491104
7574.304199	-95.195396
7579.687500	-96.507439
7585.070801	-94.977196
7590.454102	-95.954254
7595.837402	-96.135086
7601.220703	-95.623909
7606.604004	-95.626930
7611.987305	-95.869881
7617.370605	-95.347900
7622.753906	-96.239418
7628.137207	-95.772568
7633.520508	-95.683838
7638.903809	-95.864243
7644.287109	-95.810257
7649.670410	-95.638763
7655.053711	-96.047913
7660.437012	-95.895447
7665.820313	-95.611748
7671.203613	-95.613739
7676.586914	-96.018478
7681.970215	-95.821877
7687.353516	-95.794518
7692.736816	-95.929375
7698.120117	-95.840958
7703.503418	-96.127892
7708.886719	-95.675812
7714.270020	-95.457527
7719.653320	-96.466011
7725.036621	-95.603996
7730.419922	-96.348724
7735.803223	-95.713730
7741.186523	-96.109329
7746.569824	-95.639450
7751.953125	-96.201996
7757.336426	-95.771187
7762.719727	-95.935677
7768.103027	-96.014999
7773.486328	-95.946815
7778.869629	-95.754753
7784.252930	-96.000175
7789.636230	-95.912308
7795.019531	-96.297409
7800.402832	-95.868202
7805.786133	-95.891525
7811.169434	-96.334518
7816.552734	-95.589134
7821.936035	-96.035362
7827.319336	-96.137115
7832.702637	-96.270691
7838.085938	-95.625244
7843.469238	-96.474380
7848.852539	-96.189087
7854.235840	-95.584579
7859.619141	-96.578651
7865.002441	-95.583595
7870.385742	-97.142426
7875.769043	-95.466438
7881.152344	-96.194374
7886.535645	-96.090118
7891.918945	-96.059380
7897.302246	-96.201897
7902.685547	-96.526665
7908.068848	-95.934952
7913.452148	-96.058731
7918.835449	-96.415894
7924.218750	-95.991409
7929.602051	-96.118958
7934.985352	-96.180214
7940.368652	-96.331673
7945.751953	-96.297363
7951.135254	-95.887718
7956.518555	-96.290916
7961.901855	-96.483292
7967.285156	-96.128113
7972.668457	-96.134705
7978.051758	-96.225235
7983.435059	-96.335175
7988.818359	-96.274300
7994.201660	-96.381706
7999.584961	-95.961327
8004.968262	-96.589653
8010.351563	-96.357552
8015.734863	-96.262444
8021.118164	-95.865746
8026.501465	-96.546722
8031.884766	-96.969383
8037.268066	-95.794983
8042.651367	-96.464569
8048.034668	-96.033897
8053.417969	-97.025215
8058.801270	-95.699928
8064.184570	-96.570351
8069.567871	-96.643410
8074.951172	-95.725304
8080.334473	-97.249695
8085.717773	-96.077423
8091.101074	-96.541924
8096.484375	-96.019707
8101.867676	-96.883705
8107.250977	-96.125854
8112.634277	-96.894768
8118.017578	-95.922813
8123.400879	-96.685356
8128.784180	-96.177071
8134.167480	-96.638809
8139.550781	-96.126740
8144.934082	-96.743637
8150.317383	-96.613495
8155.700684	-96.366730
8161.083984	-96.771095
8166.467285	-96.299797
8171.850586	-96.645668
8177.233887	-96.586769
8182.617188	-96.169922
8188.000488	-96.735260
8193.383789	-96.373817
8198.767090	-96.756653
8204.150391	-96.032654
8209.533691	-97.164246
8214.916992	-95.617302
8220.300293	-97.505211
8225.683594	-96.677681
8231.066895	-96.020660
8236.450195	-97.297600
8241.833496	-96.616745
8247.216797	-96.128433
8252.600098	-97.122910
8257.983398	-96.225151
8263.366699	-96.592491
8268.750000	-97.025635
8274.133301	-96.544151
8279.516602	-96.761307
8284.899902	-96.656837
8290.283203	-96.640373
8295.666504	-96.371651
8301.049805	-97.112297
8306.433105	-96.621208
8311.816406	-96.892159
8317.199707	-96.086479
8322.583008	-96.948502
8327.966309	-96.700462
8333.349609	-96.954239
8338.732910	-97.019371
8344.116211	-96.408752
8349.499512	-96.717232
8354.882813	-96.794128
8360.266113	-96.898933
8365.649414	-96.501175
8371.032715	-97.197121
8376.416016	-97.198891
8381.799316	-95.872009
8387.182617	-96.859192
8392.565918	-97.399406
8397.949219	-96.660934
8403.332520	-96.324883
8408.715820	-96.979965
8414.099121	-97.273224
8419.482422	-96.823242
8424.865723	-96.253647
8430.249023	-96.982704
8435.632324	-96.625374
8441.015625	-97.434608
8446.398926	-96.906242
8451.782227	-96.263573
8457.165527	-97.001717
8462.548828	-97.030312
8467.932129	-97.166748
8473.315430	-96.187881
8478.698730	-97.115456
8484.082031	-97.524170
8489.465332	-96.249657
8494.848633	-97.083633
8500.231934	-96.491302
8505.615234	-97.400253
8510.998535	-97.290718
8516.381836	-96.178032
8521.765137	-97.158875
8527.148438	-96.877922
8532.531738	-97.042732
8537.915039	-97.315315
8543.298340	-96.530823
8548.681641	-96.868828
8554.064941	-97.339417
8559.448242	-96.681480
8564.831543	-97.001175
8570.214844	-97.021828
8575.598145	-96.838058
8580.981445	-97.367020
8586.364746	-96.571785
8591.748047	-96.743156
8597.131348	-97.971573
8602.514648	-96.321106
8607.897949	-97.561569
8613.281250	-96.888161
8618.664551	-97.087326
8624.047852	-96.878471
8629.431152	-97.332893
8634.814453	-96.549416
8640.197754	-97.653984
8645.581055	-96.797203
8650.964355	-97.032982
8656.347656	-97.127632
8661.730957	-96.928040
8667.114258	-97.302185
8672.497559	-97.633430
8677.880859	-97.063141
8683.264160	-96.663147
8688.647461	-97.159271
8694.030762	-97.125038
8699.414063	-97.459679
8704.797363	-97.247101
8710.180664	-96.378616
8715.563965	-97.529327
8720.947266	-97.481239
8726.330566	-97.631348
8731.713867	-96.447174
8737.097168	-97.579964
8742.480469	-97.282120
8747.863770	-96.811638
8753.247070	-97.517288
8758.630371	-97.269081
8764.013672	-97.240417
8769.396973	-97.444107
8774.780273	-96.889229
8780.163574	-97.517090
8785.546875	-97.416557
8790.930176	-96.549072
8796.313477	-98.017799
8801.696777	-97.172493
8807.080078	-97.300827
8812.463379	-97.339172
8817.846680	-96.736725
8823.229980	-97.387512
8828.613281	-97.986534
8833.996582	-96.646080
8839.379883	-97.599625
8844.763184	-96.998436
8850.146484	-97.247589
8855.529785	-97.390091
8860.913086	-97.661774
8866.296387	-96.638756
8871.679688	-98.698387
8877.062988	-96.787491
8882.446289	-97.730110
8887.829590	-97.251663
8893.212891	-97.364128
8898.596191	-96.926735
8903.979492	-98.119370
8909.362793	-97.002655
8914.746094	-97.112000
8920.129395	-97.607430
8925.512695	-97.667389
8930.895996	-97.261185
8936.279297	-97.828964
8941.662598	-96.695557
8947.045898	-98.039787
8952.429199	-97.071869
8957.812500	-97.860634
8963.195801	-97.490059
8968.579102	-97.535301
8973.962402	-96.639732
8979.345703	-98.228973
8984.729004	-97.032196
8990.112305	-97.521622
8995.495605	-97.882118
9000.878906	-97.065987
9006.262207	-98.157074
9011.645508	-97.013145
9017.028809	-97.500786
9022.412109	-97.331306
9027.795410	-97.629021
9033.178711	-97.239449
9038.562012	-97.791306
9043.945313	-97.813782
9049.328613	-97.213898
9054.711914	-97.640945
9060.095215	-97.428352
9065.478516	-97.739410
9070.861816	-97.754890
9076.245117	-97.405487
9081.628418	-97.438789
9087.011719	-97.322212
9092.395020	-98.082718
9097.778320	-97.435837
9103.161621	-97.057701
9108.544922	-98.341347
9113.928223	-97.293228
9119.311523	-97.606934
9124.694824	-97.829086
9130.078125	-97.363327
9135.461426	-98.294189
9140.844727	-97.006058
9146.228027	-98.182312
9151.611328	-97.298782
9156.994629	-97.779869
9162.377930	-97.436729
9167.761230	-98.070488
9173.144531	-97.830208
9178.527832	-97.473236
9183.911133	-97.732887
9189.294434	-97.865646
9194.677734	-97.542259
9200.061035	-97.230194
9205.444336	-98.506226
9210.827637	-97.195297
9216.210938	-97.966583
9221.594238	-97.757500
9226.977539	-97.550903
9232.360840	-97.449997
9237.744141	-98.998878
9243.127441	-96.854515
9248.510742	-97.989845
9253.894043	-97.174400
9259.277344	-98.376991
9264.660645	-97.540031
9270.043945	-97.482536
9275.427246	-98.529533
9280.810547	-97.474190
9286.193848	-97.790749
9291.577148	-97.573265
9296.960449	-98.721794
9302.343750	-96.903770
9307.727051	-97.724174
9313.110352	-98.185158
9318.493652	-97.837067
9323.876953	-97.647911
9329.260254	-97.766731
9334.643555	-98.294548
9340.026855	-97.509087
9345.410156	-98.042595
9350.793457	-97.900375
9356.176758	-97.780067
9361.560059	-97.930664
9366.943359	-97.667664
9372.326660	-98.737389
9377.709961	-96.736252
9383.093262	-98.169968
9388.476563	-98.618164
9393.859863	-96.724228
9399.243164	-99.090302
9404.626465	-97.209221
9410.009766	-98.727943
9415.393066	-97.878761
9420.776367	-97.044472
9426.159668	-99.076111
9431.542969	-97.430183
9436.926270	-98.374138
9442.309570	-98.041397
9447.692871	-97.019356
9453.076172	-99.138962
9458.459473	-97.911133
9463.842773	-97.351288
9469.226074	-97.976097
9474.609375	-97.785866
9479.992676	-98.737877
9485.375977	-98.352959
9490.759277	-97.488258
9496.142578	-97.998680
9501.525879	-97.849342
9506.909180	-98.351532
9512.292480	-97.716835
9517.675781	-98.245293
9523.059082	-97.890175
9528.442383	-98.805031
9533.825684	-97.128380
9539.208984	-98.697289
9544.592285	-97.724159
9549.975586	-98.769127
9555.358887	-97.271019
9560.742188	-98.869835
9566.125488	-97.693443
9571.508789	-98.112213
9576.892090	-98.025429
9582.275391	-98.160522
9587.658691	-98.585686
9593.041992	-97.632713
9598.425293	-98.352768
9603.808594	-98.209969
9609.191895	-97.624527
9614.575195	-97.790550
9619.958496	-98.621590
9625.341797	-97.823662
9630.725098	-98.637596
9636.108398	-97.634163
9641.491699	-98.485512
9646.875000	-98.456268
9652.258301	-97.360588
9657.641602	-98.618317
9663.024902	-98.412781
9668.408203	-98.000481
9673.791504	-98.839157
9679.174805	-97.130074
9684.558105	-99.048302
9689.941406	-98.179489
9695.324707	-97.663208
9700.708008	-98.898727
9706.091309	-97.521835
9711.474609	-99.015457
9716.857910	-97.690849
9722.241211	-98.418266
9727.624512	-97.966064
9733.007813	-97.750160
9738.391113	-99.165207
9743.774414	-97.700760
9749.157715	-99.040833
9754.541016	-97.808609
9759.924316	-98.162796
9765.307617	-98.000679
9770.690918	-99.446495
9776.074219	-97.441597
9781.457520	-99.238670
9786.840820	-97.471519
9792.224121	-99.023453
9797.607422	-97.520020
9802.990723	-98.583649
9808.374023	-98.117332
9813.757324	-99.033134
9819.140625	-97.938911
9824.523926	-97.900978
9829.907227	-98.595131
9835.290527	-98.426529
9840.673828	-97.431656
9846.057129	-99.044304
9851.440430	-98.600601
9856.823730	-98.321831
9862.207031	-97.582153
9867.590332	-99.186859
9872.973633	-97.920830
9878.356934	-98.798225
9883.740234	-97.750473
9889.123535	-98.781616
9894.506836	-98.208038
9899.890137	-98.074501
9905.273438	-98.687271
9910.656738	-98.556847
9916.040039	-98.177078
9921.423340	-98.398079
9926.806641	-98.365135
9932.189941	-98.453903
9937.573242	-98.840912
9942.956543	-97.758896
9948.339844	-98.247520
9953.723145	-99.303352
9959.106445	-97.525940
9964.489746	-98.766090
9969.873047	-99.065910
9975.256348	-98.194519
9980.639648	-98.231583
9986.022949	-99.226303
9991.406250	-97.823128
9996.789551	-98.998100
10002.172852	-97.932465
10007.556152	-98.521896
10012.939453	-99.480705
10018.322754	-97.301743
10023.706055	-98.708572
10029.089355	-98.383064
10034.472656	-99.516533
10039.855957	-98.175682
10045.239258	-97.837646
10050.622559	-99.428886
10056.005859	-97.888214
10061.389160	-98.902824
10066.772461	-98.452194
10072.155762	-98.864990
10077.539063	-97.932312
10082.922363	-98.421127
10088.305664	-98.979439
10093.688965	-98.297859
10099.072266	-99.332474
10104.455566	-98.346565
10109.838867	-98.320587
10115.222168	-98.160500
10120.605469	-99.019447
10125.988770	-98.500259
10131.372070	-98.336349
10136.755371	-99.761452
10142.138672	-97.419022
10147.521973	-99.678680
10152.905273	-98.249855
10158.288574	-98.661125
10163.671875	-99.124107
10169.055176	-97.986488
10174.438477	-98.344986
10179.821777	-99.435814
10185.205078	-97.509575
10190.588379	-99.738075
10195.971680	-98.301437
10201.354980	-98.680664
10206.738281	-99.094284
10212.121582	-98.277016
10217.504883	-98.925819
10222.888184	-99.095070
10228.271484	-98.161461
10233.654785	-98.889740
10239.038086	-98.110764
10244.421387	-99.131508
10249.804688	-98.334984
10255.187988	-99.149055
10260.571289	-98.899719
10265.954590	-98.104988
10271.337891	-98.884247
10276.721191	-98.717873
10282.104492	-98.761108
10287.487793	-98.859352
10292.871094	-98.520203
10298.254395	-98.608482
10303.637695	-99.711494
10309.020996	-97.856804
10314.404297	-98.930984
10319.787598	-98.469147
10325.170898	-98.864647
10330.554199	-98.873665
10335.937500	-98.162186
10341.320801	-99.702995
10346.704102	-98.390114
10352.087402	-98.225937
10357.470703	-100.130257
10362.854004	-98.090172
10368.237305	-99.394104
10373.620605	-98.512871
10379.003906	-98.691368
10384.387207	-99.542786
10389.770508	-98.020447
10395.153809	-99.579102
10400.537109	-98.507309
10405.920410	-99.315071
10411.303711	-98.348961
10416.687012	-99.136345
10422.070313	-97.850098
10427.453613	-99.712990
10432.836914	-98.535973
10438.220215	-98.231636
10443.603516	-100.134392
10448.986816	-97.852997
10454.370117	-98.702042
10459.753418	-98.744530
10465.136719	-99.107140
10470.520020	-98.898331
10475.903320	-99.018501
10481.286621	-99.033478
10486.669922	-98.740013
10492.053223	-98.481758
10497.436523	-99.314949
10502.819824	-99.386368
10508.203125	-98.362221
10513.586426	-99.690239
10518.969727	-97.744995
10524.353027	-99.686539
10529.736328	-99.021606
10535.119629	-98.967613
10540.502930	-99.328690
10545.886230	-98.225510
10551.269531	-99.528038
10556.652832	-98.398422
10562.036133	-99.595055
10567.419434	-99.007675
10572.802734	-98.848724
10578.186035	-98.749580
10583.569336	-99.173454
10588.952637	-99.499367
10594.335938	-98.507423
10599.719238	-98.574623
10605.102539	-100.306641
10610.485840	-97.683121
10615.869141	-99.987122
10621.252441	-98.691483
10626.635742	-99.139977
10632.019043	-98.692192
10637.402344	-98.889290
10642.785645	-99.268219
10648.168945	-99.552567
10653.552246	-98.523796
10658.935547	-99.191376
10664.318848	-99.788544
10669.702148	-98.634537
10675.085449	-98.391647
10680.468750	-99.857445
10685.852051	-98.875832
10691.235352	-98.950859
10696.618652	-98.454681
10702.001953	-99.796463
10707.385254	-99.201149
10712.768555	-98.725822
10718.151855	-99.093597
10723.535156	-98.638298
10728.918457	-99.542725
10734.301758	-99.439644
10739.685059	-98.598106
10745.068359	-99.278717
10750.451660	-99.109009
10755.834961	-98.687981
10761.218262	-99.536621
10766.601563	-99.040642
10771.984863	-98.770279
10777.368164	-99.531815
10782.751465	-98.726654
10788.134766	-99.214966
10793.518066	-99.313782
10798.901367	-99.175346
10804.284668	-99.053734
10809.667969	-99.422699
10815.051270	-98.715797
10820.434570	-99.873047
10825.817871	-98.493347
10831.201172	-99.814186
10836.584473	-99.031998
10841.967773	-98.920403
10847.351074	-99.788132
10852.734375	-98.323608
10858.117676	-99.604065
10863.500977	-99.591949
10868.884277	-98.865173
10874.267578	-99.002296
10879.650879	-99.265450
10885.034180	-99.212448
10890.417480	-99.065804
10895.800781	-99.703636
10901.184082	-99.527313
10906.567383	-98.560631
10911.950684	-99.154442
10917.333984	-99.525665
10922.717285	-98.782509
10928.100586	-99.140022
10933.483887	-99.704048
10938.867188	-98.170967
10944.250488	-100.126785
10949.633789	-99.475311
10955.017090	-98.775360
10960.400391	-99.836067
10965.783691	-98.814316
10971.166992	-99.210907
10976.550293	-99.253952
10981.933594	-100.112709
10987.316895	-98.787239
10992.700195	-99.298225
10998.083496	-99.400864
11003.466797	-99.128563
11008.850098	-100.016998
11014.233398	-99.056114
11019.616699	-98.901314
11025.000000	-99.634537
11030.383301	-99.278786
11035.766602	-99.468285
11041.149902	-99.216270
11046.533203	-99.862877
11051.916504	-98.374138
11057.299805	-99.935799
11062.683105	-99.536308
11068.066406	-99.162720
11073.449707	-99.027840
11078.833008	-99.639610
11084.216309	-98.960068
11089.599609	-99.444298
11094.982910	-99.446815
11100.366211	-99.603165
11105.749512	-99.304733
11111.132813	-98.989975
11116.516113	-99.442528
11121.899414	-99.625053
11127.282715	-98.990280
11132.666016	-99.309418
11138.049316	-99.397148
11143.432617	-99.584290
11148.815918	-99.133125
11154.199219	-99.823868
11159.582520	-99.447212
11164.965820	-98.876625
11170.349121	-99.765053
11175.732422	-99.391090
11181.115723	-99.415939
11186.499023	-99.396172
11191.882324	-99.697632
11197.265625	-99.007912
11202.648926	-99.921043
11208.032227	-99.026108
11213.415527	-99.201317
11218.798828	-100.089119
11224.182129	-98.905396
11229.565430	-99.779037
11234.948730	-99.597618
11240.332031	-99.399353
11245.715332	-99.214844
11251.098633	-99.711594
11256.481934	-99.295151
11261.865234	-99.319511
11267.248535	-99.757202
11272.631836	-99.599274
11278.015137	-99.434547
11283.398438	-99.258652
11288.781738	-99.588181
11294.165039	-99.684692
11299.548340	-98.903847
11304.931641	-99.709129
11310.314941	-100.588165
11315.698242	-98.693558
11321.081543	-99.136688
11326.464844	-100.419914
11331.848145	-98.907059
11337.231445	-99.788422
11342.614746	-99.356659
11347.998047	-99.118736
11353.381348	-100.177605
11358.764648	-99.337036
11364.147949	-99.411369
11369.531250	-99.731697
11374.914551	-99.264732
11380.297852	-99.629776
11385.681152	-99.841904
11391.064453	-99.518623
11396.447754	-99.275116
11401.831055	-100.285507
11407.214355	-98.853737
11412.597656	-99.982834
11417.980957	-99.594856
11423.364258	-99.614334
11428.747559	-99.292107
11434.130859	-99.371101
11439.514160	-99.672539
11444.897461	-99.783142
11450.280762	-99.895370
11455.664063	-99.212425
11461.047363	-100.186256
11466.430664	-99.023926
11471.813965	-99.983917
11477.197266	-99.691093
11482.580566	-99.677284
11487.963867	-99.870483
11493.347168	-99.360252
11498.730469	-99.606880
11504.113770	-100.015297
11509.497070	-99.262222
11514.880371	-100.032867
11520.263672	-99.736237
11525.646973	-99.330376
11531.030273	-100.313705
11536.413574	-99.832146
11541.796875	-99.270599
11547.180176	-99.806488
11552.563477	-99.636688
11557.946777	-99.742882
11563.330078	-99.240013
11568.713379	-99.872444
11574.096680	-99.643127
11579.479980	-99.771866
11584.863281	-99.872421
11590.246582	-99.366447
11595.629883	-100.177010
11601.013184	-99.394806
11606.396484	-100.032242
11611.779785	-99.586617
11617.163086	-99.620911
11622.546387	-99.801025
11627.929688	-100.004982
11633.312988	-99.438324
11638.696289	-100.043785
11644.079590	-99.600266
11649.462891	-99.559074
11654.846191	-99.907745
11660.229492	-99.444672
11665.612793	-100.478180
11670.996094	-99.214180
11676.379395	-100.280594
11681.762695	-99.473312
11687.145996	-99.770638
11692.529297	-99.652168
11697.912598	-100.434036
11703.295898	-99.259064
11708.679199	-99.541634
11714.062500	-100.249367
11719.445801	-99.802116
11724.829102	-99.613739
11730.212402	-99.755356
11735.595703	-100.029747
11740.979004	-99.997025
11746.362305	-99.954887
11751.745605	-99.548615
11757.128906	-99.883507
11762.512207	-99.634499
11767.895508	-100.191544
11773.278809	-99.448257
11778.662109	-99.641838
11784.045410	-100.617653
11789.428711	-99.670113
11794.812012	-99.262917
11800.195313	-100.614067
11805.578613	-99.534492
11810.961914	-99.649811
11816.345215	-100.140472
11821.728516	-99.787918
11827.111816	-99.805824
11832.495117	-100.108498
11837.878418	-99.610733
11843.261719	-99.843987
11848.645020	-100.333824
11854.028320	-99.537964
11859.411621	-99.833298
11864.794922	-100.195732
11870.178223	-99.384567
11875.561523	-100.637901
11880.944824	-99.300461
11886.328125	-99.999725
11891.711426	-100.183708
11897.094727	-99.835655
11902.478027	-99.876640
11907.861328	-99.851501
11913.244629	-99.723602
11918.627930	-100.215225
11924.011230	-99.846336
11929.394531	-99.601265
11934.777832	-100.162468
11940.161133	-100.143333
11945.544434	-100.012337
11950.927734	-99.582817
11956.311035	-99.959755
11961.694336	-100.479698
11967.077637	-99.241066
11972.460938	-100.713486
11977.844238	-99.728592
11983.227539	-99.554329
11988.610840	-100.525673
11993.994141	-100.028038
11999.377441	-99.732361
12004.760742	-100.151344
12010.144043	-99.745026
12015.527344	-99.874825
12020.910645	-100.203171
12026.293945	-99.975540
12031.677246	-100.280823
12037.060547	-99.397705
12042.443848	-100.203018
12047.827148	-100.335526
12053.210449	-99.589493
12058.593750	-100.377945
12063.977051	-99.884903
12069.360352	-100.123650
12074.743652	-99.935280
12080.126953	-100.035934
12085.510254	-100.675491
12090.893555	-99.545250
12096.276855	-100.043686
12101.660156	-99.997932
12107.043457	-100.159248
12112.426758	-100.076912
12117.810059	-100.149200
12123.193359	-99.617546
12128.576660	-100.536415
12133.959961	-99.842232
12139.343262	-100.104462
12144.726563	-100.037201
12150.109863	-99.975876
12155.493164	-100.299240
12160.876465	-100.165764
12166.259766	-99.762184
12171.643066	-100.363518
12177.026367	-100.026016
12182.409668	-100.216042
12187.792969	-100.248260
12193.176270	-100.119728
12198.559570	-99.826294
12203.942871	-100.051949
12209.326172	-100.088570
12214.709473	-100.373047
12220.092773	-100.182449
12225.476074	-100.028130
12230.859375	-100.024292
12236.242676	-100.139336
12241.625977	-100.148170
12247.009277	-100.044724
12252.392578	-100.451225
12257.775879	-99.987938
12263.159180	-100.068222
12268.542480	-100.312439
12273.925781	-100.026115
12279.309082	-100.288033
12284.692383	-100.125015
12290.075684	-99.920677
12295.458984	-100.417755
12300.842285	-100.429855
12306.225586	-99.800331
12311.608887	-100.343140
12316.992188	-99.981544
12322.375488	-100.588112
12327.758789	-99.912376
12333.142090	-100.440651
12338.525391	-99.959564
12343.908691	-100.148727
12349.291992	-100.427612
12354.675293	-99.836250
12360.058594	-100.383362
12365.441895	-100.440918
12370.825195	-99.972343
12376.208496	-100.399025
12381.591797	-100.006096
12386.975098	-100.594070
12392.358398	-99.830009
12397.741699	-100.648888
12403.125000	-100.054321
12408.508301	-100.246826
12413.891602	-100.324455
12419.274902	-100.305069
12424.658203	-100.057640
12430.041504	-100.287880
12435.424805	-100.490990
12440.808105	-100.411804
12446.191406	-99.987938
12451.574707	-100.384445
12456.958008	-100.160210
12462.341309	-100.447960
12467.724609	-100.326332
12473.107910	-100.122688
12478.491211	-100.191154
12483.874512	-100.414909
12489.257813	-100.415619
12494.641113	-100.003227
12500.024414	-100.476555
12505.407715	-100.141022
12510.791016	-100.356041
12516.174316	-100.396149
12521.557617	-100.352585
12526.940918	-100.452698
12532.324219	-100.264549
12537.707520	-100.130241
12543.090820	-100.597794
12548.474121	-100.152985
12553.857422	-100.102081
12559.240723	-100.697792
12564.624023	-100.281693
12570.007324	-100.101357
12575.390625	-100.460335
12580.773926	-100.529877
12586.157227	-100.331558
12591.540527	-100.800110
12596.923828	-99.819901
12602.307129	-100.599106
12607.690430	-100.494400
12613.073730	-99.772736
12618.457031	-100.819855
12623.840332	-100.390739
12629.223633	-99.832184
12634.606934	-101.005432
12639.990234	-100.013237
12645.373535	-100.201721
12650.756836	-100.607079
12656.140137	-100.338509
12661.523438	-100.606468
12666.906738	-99.707787
12672.290039	-100.927040
12677.673340	-100.636772
12683.056641	-99.975609
12688.439941	-100.690224
12693.823242	-100.326164
12699.206543	-100.181625
12704.589844	-100.809212
12709.973145	-99.952957
12715.356445	-100.622780
12720.739746	-100.553879
12726.123047	-100.318008
12731.506348	-99.816032
12736.889648	-101.049263
12742.272949	-100.463226
12747.656250	-100.128555
12753.039551	-101.088837
12758.422852	-100.061913
12763.806152	-100.170555
12769.189453	-101.238266
12774.572754	-100.001808
12779.956055	-100.817360
12785.339355	-99.934967
12790.722656	-100.734390
12796.105957	-100.276466
12801.489258	-100.599503
12806.872559	-100.315323
12812.255859	-100.202530
12817.639160	-100.887421
12823.022461	-100.268677
12828.405762	-100.709137
12833.789063	-100.366997
12839.172363	-100.660187
12844.555664	-100.216629
12849.938965	-100.908180
12855.322266	-100.258354
12860.705566	-100.494186
12866.088867	-100.163940
12871.472168	-101.043854
12876.855469	-100.525696
12882.238770	-100.216385
12887.622070	-101.016357
12893.005371	-99.641663
12898.388672	-100.741737
12903.771973	-100.987297
12909.155273	-99.876968
12914.538574	-100.801521
12919.921875	-100.812431
12925.305176	-100.184669
12930.688477	-100.872231
12936.071777	-100.180038
12941.455078	-100.747559
12946.838379	-100.469032
12952.221680	-99.952316
12957.604980	-100.786804
12962.988281	-101.019196
12968.371582	-100.067451
12973.754883	-100.682434
12979.138184	-100.527283
12984.521484	-100.929352
12989.904785	-100.023689
12995.288086	-100.828362
13000.671387	-100.389923
13006.054688	-100.885094
13011.437988	-100.482956
13016.821289	-100.552986
13022.204590	-100.232704
13027.587891	-100.716515
13032.971191	-100.860474
13038.354492	-100.222374
13043.737793	-100.598289
13049.121094	-100.847893
13054.504395	-100.177284
13059.887695	-101.305168
13065.270996	-100.207817
13070.654297	-100.972137
13076.037598	-99.817184
13081.420898	-101.552002
13086.804199	-100.477699
13092.187500	-100.371185
13097.570801	-100.832207
13102.954102	-99.937592
13108.337402	-101.433258
13113.720703	-100.292992
13119.104004	-100.901955
13124.487305	-99.958290
13129.870605	-100.391685
13135.253906	-101.554863
13140.637207	-100.063606
13146.020508	-101.747284
13151.403809	-99.683853
13156.787109	-101.068245
13162.170410	-101.026237
13167.553711	-100.069679
13172.937012	-100.600021
13178.320313	-100.783478
13183.703613	-101.093216
13189.086914	-100.233589
13194.470215	-100.768074
13199.853516	-100.305977
13205.236816	-101.337265
13210.620117	-100.358078
13216.003418	-100.135345
13221.386719	-101.330070
13226.770020	-100.353775
13232.153320	-100.936409
13237.536621	-100.404221
13242.919922	-100.584000
13248.303223	-101.163689
13253.686523	-100.381271
13259.069824	-100.486603
13264.453125	-100.399269
13269.836426	-101.193199
13275.219727	-101.118614
13280.603027	-100.557968
13285.986328	-99.917305
13291.369629	-100.974976
13296.752930	-101.596481
13302.136230	-99.689362
13307.519531	-101.877327
13312.902832	-99.836540
13318.286133	-101.418427
13323.669434	-100.587456
13329.052734	-99.743919
13334.436035	-101.873398
13339.819336	-100.315132
13345.202637	-101.759369
13350.585938	-100.174126
13355.969238	-100.022400
13361.352539	-100.917412
13366.735840	-100.973969
13372.119141	-100.853073
13377.502441	-100.316277
13382.885742	-101.025536
13388.269043	-100.977684
13393.652344	-100.268356
13399.035645	-100.552277
13404.418945	-100.535065
13409.802246	-101.470642
13415.185547	-100.424149
13420.568848	-100.110542
13425.952148	-102.004730
13431.335449	-100.485634
13436.718750	-100.832741
13442.102051	-100.315483
13447.485352	-100.884712
13452.868652	-101.549225
13458.251953	-100.244926
13463.635254	-100.751488
13469.018555	-100.802406
13474.401855	-100.276749
13479.785156	-100.907799
13485.168457	-100.933952
13490.551758	-101.263718
13495.935059	-100.681320
13501.318359	-100.228630
13506.701660	-100.780800
13512.084961	-101.416115
13517.468262	-100.813713
13522.851563	-100.595947
13528.234863	-100.497139
13533.618164	-101.590431
13539.001465	-100.390068
13544.384766	-100.588097
13549.768066	-100.306335
13555.151367	-101.663322
13560.534668	-100.995094
13565.917969	-100.695999
13571.301270	-99.900757
13576.684570	-101.965225
13582.067871	-99.772385
13587.451172	-102.054474
13592.834473	-100.568604
13598.217773	-100.563103
13603.601074	-101.365852
13608.984375	-100.327431
13614.367676	-100.474030
13619.750977	-101.435921
13625.134277	-101.438278
13630.517578	-100.790009
13635.900879	-101.134315
13641.284180	-100.089233
13646.667480	-101.330521
13652.050781	-101.020477
13657.434082	-100.192703
13662.817383	-101.127579
13668.200684	-101.674919
13673.583984	-100.042542
13678.967285	-101.444321
13684.350586	-100.038109
13689.733887	-102.347107
13695.117188	-100.530266
13700.500488	-100.503273
13705.883789	-100.743828
13711.267090	-101.493187
13716.650391	-100.725204
13722.033691	-101.120789
13727.416992	-100.501137
13732.800293	-100.750076
13738.183594	-100.895233
13743.566895	-101.916428
13748.950195	-98.987671
13754.333496	-102.748199
13759.716797	-100.682793
13765.100098	-99.861351
13770.483398	-102.502136
13775.866699	-101.139961
13781.250000	-99.460419
13786.633301	-100.632133
13792.016602	-102.213974
13797.399902	-100.286613
13802.783203	-100.034950
13808.166504	-102.963188
13813.549805	-100.458366
13818.933105	-100.936783
13824.316406	-100.520401
13829.699707	-102.193474
13835.083008	-99.800598
13840.466309	-101.581291
13845.849609	-100.659058
13851.232910	-102.080078
13856.616211	-100.088600
13861.999512	-102.509682
13867.382813	-99.268585
13872.766113	-102.724609
13878.149414	-99.808334
13883.532715	-101.690887
13888.916016	-101.084572
13894.299316	-101.027687
13899.682617	-100.731369
13905.065918	-100.915047
13910.449219	-100.626175
13915.832520	-100.574097
13921.215820	-102.488083
13926.599121	-99.551468
13931.982422	-101.457542
13937.365723	-100.482315
13942.749023	-101.250549
13948.132324	-101.668068
13953.515625	-100.788139
13958.898926	-100.273148
13964.282227	-101.905029
13969.665527	-100.039665
13975.048828	-101.608971
13980.432129	-101.869072
13985.815430	-99.737206
13991.198730	-100.459122
13996.582031	-101.843315
14001.965332	-101.204170
14007.348633	-101.531746
14012.731934	-100.195641
14018.115234	-101.535980
14023.498535	-100.790504
14028.881836	-100.492714
14034.265137	-102.332047
14039.648438	-100.633324
14045.031738	-100.996071
14050.415039	-100.633492
14055.798340	-102.125267
14061.181641	-99.580383
14066.564941	-102.965393
14071.948242	-101.965508
14077.331543	-99.491386
14082.714844	-101.116966
14088.098145	-101.755737
14093.481445	-100.355194
14098.864746	-101.767723
14104.248047	-100.648308
14109.631348	-100.839981
14115.014648	-101.387619
14120.397949	-101.409569
14125.781250	-99.860939
14131.164551	-101.054794
14136.547852	-101.883194
14141.931152	-100.923378
14147.314453	-100.637604
14152.697754	-101.320488
14158.081055	-100.168739
14163.464355	-101.211212
14168.847656	-101.522934
14174.230957	-101.462540
14179.614258	-102.878700
14184.997559	-98.836960
14190.380859	-103.037323
14195.764160	-100.778214
14201.147461	-100.286942
14206.530762	-100.964264
14211.914063	-100.713058
14217.297363	-102.029503
14222.680664	-99.546684
14228.063965	-103.152489
14233.447266	-100.150848
14238.830566	-100.871925
14244.213867	-102.437218
14249.597168	-99.636223
14254.980469	-103.172844
14260.363770	-98.871193
14265.747070	-103.130478
14271.130371	-100.533035
14276.513672	-100.625305
14281.896973	-101.751183
14287.280273	-101.341537
14292.663574	-100.610168
14298.046875	-100.959595
14303.430176	-101.493462
14308.813477	-100.498924
14314.196777	-101.000618
14319.580078	-102.464371
14324.963379	-99.623177
14330.346680	-101.830673
14335.729980	-101.444107
14341.113281	-102.821312
14346.496582	-99.391602
14351.879883	-102.942307
14357.263184	-100.611954
14362.646484	-101.278366
14368.029785	-103.425529
14373.413086	-99.523277
14378.796387	-101.163788
14384.179688	-100.989235
14389.562988	-102.028366
14394.946289	-100.812408
14400.329590	-100.275688
14405.712891	-102.378304
14411.096191	-100.172569
14416.479492	-103.908661
14421.862793	-100.107658
14427.246094	-100.079346
14432.629395	-100.239380
14438.012695	-102.645813
14443.395996	-100.520111
14448.779297	-99.684784
14454.162598	-104.804970
14459.545898	-99.655090
14464.929199	-101.869705
14470.312500	-101.082153
14475.695801	-100.451958
14481.079102	-102.119835
14486.462402	-101.636429
14491.845703	-100.609283
14497.229004	-101.008881
14502.612305	-100.632179
14507.995605	-103.814735
14513.378906	-100.206161
14518.762207	-101.358803
14524.145508	-100.921097
14529.528809	-101.823936
14534.912109	-100.083534
14540.295410	-101.522583
14545.678711	-99.897797
14551.062012	-103.525421
14556.445313	-99.028618
14561.828613	-104.445503
14567.211914	-101.182106
14572.595215	-99.984062
14577.978516	-103.336685
14583.361816	-100.707611
14588.745117	-101.862778
14594.128418	-99.400337
14599.511719	-102.386803
14604.895020	-102.655769
14610.278320	-99.464317
14615.661621	-103.925072
14621.044922	-98.115463
14626.428223	-105.248817
14631.811523	-100.536888
14637.194824	-99.139435
14642.578125	-103.081932
14647.961426	-100.488411
14653.344727	-101.189072
14658.728027	-101.959312
14664.111328	-101.278458
14669.494629	-100.371033
14674.877930	-100.678604
14680.261230	-101.622673
14685.644531	-100.815048
14691.027832	-99.843719
14696.411133	-101.611862
14701.794434	-105.125427
14707.177734	-99.716667
14712.561035	-103.598579
14717.944336	-99.586113
14723.327637	-102.337448
14728.710938	-99.939537
14734.094238	-101.481918
14739.477539	-103.048775
14744.860840	-99.082169
14750.244141	-102.635162
14755.627441	-100.614311
14761.010742	-99.554176
14766.394043	-102.225670
14771.777344	-101.186310
14777.160645	-100.029106
14782.543945	-101.674576
14787.927246	-99.773590
14793.310547	-102.250870
14798.693848	-102.502121
14804.077148	-99.864754
14809.460449	-103.302437
14814.843750	-99.148605
14820.227051	-105.190872
14825.610352	-97.854927
14830.993652	-102.381783
14836.376953	-99.134888
14841.760254	-104.255836
14847.143555	-100.765938
14852.526855	-102.178482
14857.910156	-99.713394
14863.293457	-103.762100
14868.676758	-99.362022
14874.060059	-102.937996
14879.443359	-99.208740
14884.826660	-100.973373
14890.209961	-104.062630
14895.593262	-99.207237
14900.976563	-102.525887
14906.359863	-101.785667
14911.743164	-99.968132
14917.126465	-110.428955
14922.509766	-97.703773
14927.893066	-102.978271
14933.276367	-101.435791
14938.659668	-99.320580
14944.042969	-100.704727
14949.426270	-102.522644
14954.809570	-101.451027
14960.192871	-101.479485
14965.576172	-99.866730
14970.959473	-102.345787
14976.342773	-101.704247
14981.726074	-101.713562
14987.109375	-100.775269
14992.492676	-100.416687
14997.875977	-102.943619
15003.259277	-100.615631
15008.642578	-101.494446
15014.025879	-101.788475
15019.409180	-101.098076
15024.792480	-100.595039
15030.175781	-102.590157
15035.559082	-98.848305
15040.942383	-101.126717
15046.325684	-103.466515
15051.708984	-101.882545
15057.092285	-100.665871
15062.475586	-103.181282
15067.858887	-100.416718
15073.242188	-101.581512
15078.625488	-100.243233
15084.008789	-102.732346
15089.392090	-100.592300
15094.775391	-100.431702
15100.158691	-102.016579
15105.541992	-98.596199
15110.925293	-102.660271
15116.308594	-99.650658
15121.691895	-101.859337
15127.075195	-102.910316
15132.458496	-98.915138
15137.841797	-104.134186
15143.225098	-99.921165
15148.608398	-101.407509
15153.991699	-100.522797
15159.375000	-101.594116
15164.758301	-101.130791
15170.141602	-103.022820
15175.524902	-99.690567
15180.908203	-102.261070
15186.291504	-102.727104
15191.674805	-99.427666
15197.058105	-102.308037
15202.441406	-100.647957
15207.824707	-100.031387
15213.208008	-103.612465
15218.591309	-99.260376
15223.974609	-102.300133
15229.357910	-99.585014
15234.741211	-104.192833
15240.124512	-99.687592
15245.507813	-103.991135
15250.891113	-99.936966
15256.274414	-100.724991
15261.657715	-102.959610
15267.041016	-101.348618
15272.424316	-98.423111
15277.807617	-104.152863
15283.190918	-101.716721
15288.574219	-99.466141
15293.957520	-100.252991
15299.340820	-104.071388
15304.724121	-100.861427
15310.107422	-101.937653
15315.490723	-99.793526
15320.874023	-104.409340
15326.257324	-101.544418
15331.640625	-96.594299
15337.023926	-108.711555
15342.407227	-100.157158
15347.790527	-102.853622
15353.173828	-102.440819
15358.557129	-99.288078
15363.940430	-101.448959
15369.323730	-100.590187
15374.707031	-105.562042
15380.090332	-98.463043
15385.473633	-101.278755
15390.856934	-103.518402
15396.240234	-101.446869
15401.623535	-100.217873
15407.006836	-101.722214
15412.390137	-100.861023
15417.773438	-105.080063
15423.156738	-98.451462
15428.540039	-100.037323
15433.923340	-110.698616
15439.306641	-98.808990
15444.689941	-101.547081
15450.073242	-101.995232
15455.456543	-99.559441
15460.839844	-103.985214
15466.223145	-99.065811
15471.606445	-102.879822
15476.989746	-105.383728
15482.373047	-97.235291
15487.756348	-103.083176
15493.139648	-100.319817
15498.522949	-99.714394
15503.906250	-101.838455
15509.289551	-100.533600
15514.672852	-102.980598
15520.056152	-99.595856
15525.439453	-100.521988
15530.822754	-101.517517
15536.206055	-108.252975
15541.589355	-96.580437
15546.972656	-106.654419
15552.355957	-98.826836
15557.739258	-103.114906
15563.122559	-103.719162
15568.505859	-100.302055
15573.889160	-100.435684
15579.272461	-102.425415
15584.655762	-101.073875
15590.039063	-101.273300
15595.422363	-101.361473
15600.805664	-104.994781
15606.188965	-98.543365
15611.572266	-104.207718
15616.955566	-103.575966
15622.338867	-97.205856
15627.722168	-112.166145
15633.105469	-99.016144
15638.488770	-102.582672
15643.872070	-100.098305
15649.255371	-104.439476
15654.638672	-99.172646
15660.021973	-103.252953
15665.405273	-101.173775
15670.788574	-101.579720
15676.171875	-103.014725
15681.555176	-99.516090
15686.938477	-99.842377
15692.321777	-102.830750
15697.705078	-102.045006
15703.088379	-98.728905
15708.471680	-102.969307
15713.854980	-101.588501
15719.238281	-100.127701
15724.621582	-100.982819
15730.004883	-101.872238
15735.388184	-101.781570
15740.771484	-103.391296
15746.154785	-102.876381
15751.538086	-101.026161
15756.921387	-99.610466
15762.304688	-101.837692
15767.687988	-99.797714
15773.071289	-101.628540
15778.454590	-99.247459
15783.837891	-102.775078
15789.221191	-102.199974
15794.604492	-98.943947
15799.987793	-104.271004
15805.371094	-97.729172
15810.754395	-102.543594
15816.137695	-105.636520
15821.520996	-100.148254
15826.904297	-105.147522
15832.287598	-96.812462
15837.670898	-103.050644
15843.054199	-100.516083
15848.437500	-101.948135
15853.820801	-101.573441
15859.204102	-100.549217
15864.587402	-101.493469
15869.970703	-98.619637
15875.354004	-112.166939
15880.737305	-99.973724
15886.120605	-99.722946
15891.503906	-101.966248
15896.887207	-98.243996
15902.270508	-110.600014
15907.653809	-97.987762
15913.037109	-102.361092
15918.420410	-97.938965
15923.803711	-102.562744
15929.187012	-101.565712
15934.570313	-103.023865
15939.953613	-99.547150
15945.336914	-104.417625
15950.720215	-100.891769
15956.103516	-99.597824
15961.486816	-101.728508
15966.870117	-101.057518
15972.253418	-105.086617
15977.636719	-99.593811
15983.020020	-102.384392
15988.403320	-102.813797
15993.786621	-98.594978
15999.169922	-104.366440
16004.553223	-98.269821
16009.936523	-102.809006
16015.319824	-97.497978
16020.703125	-103.725822
16026.086426	-97.991173
16031.469727	-105.751083
16036.853027	-97.833817
16042.236328	-101.341248
16047.619629	-100.487793
16053.002930	-102.190674
16058.386230	-100.346825
16063.769531	-101.060654
16069.152832	-103.645966
16074.536133	-100.080009
16079.919434	-105.692917
16085.302734	-99.481224
16090.686035	-99.135231
16096.069336	-102.271530
16101.452637	-102.169472
16106.835938	-99.644508
16112.219238	-106.576942
16117.602539	-102.521240
16122.985840	-99.694962
16128.369141	-99.944473
16133.752441	-101.362465
16139.135742	-105.332779
16144.519043	-99.393837
16149.902344	-99.070015
16155.285645	-101.013054
16160.668945	-102.465698
16166.052246	-102.827408
16171.435547	-99.307793
16176.818848	-102.214813
16182.202148	-98.964523
16187.585449	-105.863876
16192.968750	-98.268486
16198.352051	-102.358315
16203.735352	-101.230530
16209.118652	-99.639633
16214.501953	-101.409050
16219.885254	-96.960670
16225.268555	-109.488167
16230.651855	-96.619171
16236.035156	-112.252678
16241.418457	-101.603218
16246.801758	-100.133858
16252.185059	-100.117973
16257.568359	-101.398102
16262.951660	-99.721512
16268.334961	-103.034897
16273.718262	-103.163681
16279.101563	-95.838074
16284.484863	-121.923737
16289.868164	-99.070229
16295.251465	-104.205933
16300.634766	-99.815041
16306.018066	-99.186241
16311.401367	-104.606575
16316.784668	-101.031128
16322.167969	-100.401001
16327.551270	-100.179008
16332.934570	-102.004456
16338.317871	-104.739082
16343.701172	-99.925171
16349.084473	-103.381668
16354.467773	-102.188690
16359.851074	-98.827477
16365.234375	-104.362595
16370.617676	-100.986450
16376.000977	-107.512154
16381.384277	-98.230286
16386.767578	-96.563103
16392.150879	-110.372391
16397.534180	-99.880173
16402.917480	-102.731010
16408.300781	-103.234108
16413.684082	-98.809776
16419.067383	-106.206787
16424.450684	-100.463364
16429.833984	-98.529297
16435.217285	-108.988312
16440.600586	-98.497078
16445.983887	-102.150215
16451.367188	-101.876999
16456.750488	-96.280579
16462.133789	-105.764412
16467.517090	-98.224426
16472.900391	-103.893250
16478.283691	-99.752937
16483.666992	-105.280823
16489.050293	-99.061203
16494.433594	-106.623245
16499.816895	-98.118027
16505.200195	-103.328972
16510.583496	-101.472366
16515.966797	-97.827950
16521.350098	-101.414833
16526.733398	-104.794533
16532.116699	-99.686417
16537.500000	-105.313858
16542.883301	-99.065132
16548.266602	-103.571091
16553.649902	-98.131157
16559.033203	-112.934448
16564.416504	-97.772598
16569.799805	-107.738861
16575.183105	-99.530640
16580.566406	-103.296066
16585.949707	-103.025223
16591.333008	-98.511162
16596.716309	-103.391907
16602.099609	-102.665588
16607.482910	-97.272331
16612.866211	-105.597878
16618.249512	-98.351173
16623.632813	-106.917755
16629.016113	-97.716118
16634.399414	-102.611740
16639.782715	-98.618576
16645.166016	-104.407837
16650.549316	-101.846802
16655.932617	-98.094452
16661.315918	-104.762085
16666.699219	-104.502335
16672.082520	-98.762459
16677.465820	-104.269424
16682.849121	-102.110489
16688.232422	-100.781036
16693.615723	-106.118729
16698.999023	-98.782387
16704.382324	-99.662903
16709.765625	-101.942368
16715.148926	-104.801086
16720.532227	-96.654709
16725.915527	-107.121742
16731.298828	-100.231499
16736.682129	-101.498581
16742.065430	-99.469162
16747.448730	-103.097923
16752.832031	-98.931648
16758.215332	-101.777130
16763.598633	-107.321205
16768.981934	-97.723244
16774.365234	-106.816399
16779.748535	-101.743431
16785.131836	-100.416763
16790.515137	-100.458504
16795.898438	-103.561745
16801.281738	-100.356316
16806.665039	-102.609329
16812.048340	-107.793251
16817.431641	-101.556976
16822.814941	-99.785011
16828.198242	-100.222099
16833.581543	-98.816719
16838.964844	-98.432785
16844.348145	-100.381035
16849.731445	-100.440239
16855.114746	-102.975311
16860.498047	-99.111122
16865.881348	-105.895210
16871.264648	-100.861252
16876.647949	-101.390121
16882.031250	-99.550491
16887.414551	-101.581490
16892.797852	-102.436005
16898.181152	-98.876152
16903.564453	-110.618225
16908.947754	-97.017181
16914.331055	-100.608612
16919.714355	-101.768272
16925.097656	-101.110580
16930.480957	-103.104912
16935.864258	-109.413498
16941.247559	-95.988457
16946.630859	-109.297745
16952.014160	-97.435097
16957.397461	-99.181313
16962.780762	-102.479774
16968.164063	-112.260178
16973.547363	-98.135544
16978.930664	-103.831703
16984.313965	-99.052933
16989.697266	-104.025681
16995.080566	-102.080353
17000.463867	-104.191498
17005.847168	-101.192429
17011.230469	-107.023903
17016.613770	-96.774994
17021.997070	-101.695633
17027.380371	-99.822235
17032.763672	-101.409645
17038.146973	-99.929268
17043.530273	-102.383453
17048.913574	-101.057693
17054.296875	-104.865189
17059.680176	-94.259155
17065.063477	-112.224678
17070.446777	-97.468842
17075.830078	-105.003624
17081.213379	-103.339142
17086.596680	-101.297813
17091.979980	-101.720741
17097.363281	-99.286980
17102.746582	-100.353973
17108.129883	-104.304848
17113.513184	-99.349236
17118.896484	-97.399818
17124.279785	-97.789742
17129.663086	-100.567612
17135.046387	-95.586563
17140.429688	-101.081726
17145.812988	-102.342712
17151.196289	-95.238625
17156.579590	-107.884483
17161.962891	-99.948807
17167.346191	-104.586014
17172.729492	-101.142700
17178.112793	-101.737579
17183.496094	-99.702858
17188.879395	-98.039673
17194.262695	-98.455345
17199.645996	-100.617279
17205.029297	-99.358353
17210.412598	-97.746529
17215.795898	-111.390686
17221.179199	-98.100067
17226.562500	-103.453514
17231.945801	-102.331177
17237.329102	-97.919350
17242.712402	-113.337189
17248.095703	-95.398590
17253.479004	-105.834770
17258.862305	-99.127968
17264.245605	-98.518463
17269.628906	-107.899910
17275.012207	-101.814888
17280.395508	-99.791611
17285.778809	-100.919617
17291.162109	-102.735153
17296.545410	-99.483063
17301.928711	-98.465004
17307.312012	-100.687637
17312.695313	-97.783211
17318.078613	-100.971535
17323.461914	-104.086151
17328.845215	-101.013588
17334.228516	-98.629349
17339.611816	-98.944534
17344.995117	-104.110680
17350.378418	-97.897835
17355.761719	-105.989204
17361.145020	-99.674538
17366.528320	-108.475143
17371.911621	-97.066963
17377.294922	-101.973671
17382.678223	-110.153442
17388.061523	-100.134140
17393.444824	-99.581139
17398.828125	-118.985252
17404.211426	-96.193138
17409.594727	-102.747780
17414.978027	-102.161057
17420.361328	-102.099068
17425.744629	-97.324722
17431.127930	-112.353340
17436.511230	-99.979965
17441.894531	-100.609268
17447.277832	-102.961342
17452.661133	-100.086037
17458.044434	-100.607864
17463.427734	-99.203850
17468.811035	-114.515198
17474.194336	-101.723503
17479.577637	-100.932030
17484.960938	-104.602943
17490.344238	-97.349030
17495.727539	-105.960373
17501.110840	-98.559860
17506.494141	-102.922989
17511.877441	-98.134117
17517.260742	-104.591469
17522.644043	-99.954933
17528.027344	-99.944214
17533.410645	-98.449203
17538.793945	-98.757088
17544.177246	-106.578979
17549.560547	-100.169380
17554.943848	-104.304268
17560.327148	-101.630096
17565.710449	-99.545990
17571.093750	-99.011703
17576.477051	-101.928680
17581.860352	-100.672508
17587.243652	-97.720093
17592.626953	-108.899834
17598.010254	-103.144630
17603.393555	-99.713844
17608.776855	-97.539169
17614.160156	-108.210129
17619.543457	-102.317314
17624.926758	-104.446526
17630.310059	-98.942543
17635.693359	-106.835197
17641.076660	-101.514008
17646.459961	-103.796143
17651.843262	-99.740311
17657.226563	-101.533661
17662.609863	-100.297348
17667.993164	-112.025124
17673.376465	-96.540337
17678.759766	-102.303551
17684.143066	-104.532089
17689.526367	-96.658463
17694.909668	-101.898048
17700.292969	-97.938782
17705.676270	-108.032997
17711.059570	-106.417473
17716.442871	-95.770859
17721.826172	-103.882179
17727.209473	-100.802513
17732.592773	-95.831131
17737.976074	-102.918739
17743.359375	-98.623940
17748.742676	-103.120438
17754.125977	-99.417625
17759.509277	-105.196289
17764.892578	-101.013199
17770.275879	-102.115440
17775.659180	-107.325226
17781.042480	-96.998581
17786.425781	-103.313286
17791.809082	-97.411888
17797.192383	-100.130257
17802.575684	-106.616432
17807.958984	-96.630211
17813.342285	-103.434212
17818.725586	-94.102478
17824.108887	-96.550964
17829.492188	-101.556587
17834.875488	-104.035965
17840.258789	-97.951309
17845.642090	-101.847206
17851.025391	-105.954506
17856.408691	-92.308945
17861.791992	-101.310493
17867.175293	-97.409042
17872.558594	-101.324646
17877.941895	-101.106277
17883.325195	-103.462334
17888.708496	-99.444183
17894.091797	-111.310944
17899.475098	-97.800400
17904.858398	-102.974159
17910.241699	-99.317429
17915.625000	-99.362206
17921.008301	-104.701614
17926.391602	-96.148575
17931.774902	-108.958199
17937.158203	-101.454285
17942.541504	-97.327972
17947.924805	-112.353203
17953.308105	-96.871078
17958.691406	-112.546288
17964.074707	-96.194496
17969.458008	-101.483307
17974.841309	-106.087135
17980.224609	-103.817932
17985.607910	-95.667290
17990.991211	-102.658318
17996.374512	-96.473206
18001.757813	-97.958458
18007.141113	-95.019608
18012.524414	-111.178963
18017.907715	-104.296494
18023.291016	-96.316711
18028.674316	-102.026924
18034.057617	-107.071442
18039.440918	-98.012833
18044.824219	-102.365944
18050.207520	-102.916260
18055.590820	-99.770798
18060.974121	-104.010750
18066.357422	-99.005615
18071.740723	-96.127808
18077.124023	-121.824730
18082.507324	-102.541397
18087.890625	-101.996140
18093.273926	-103.840988
18098.657227	-98.136780
18104.040527	-101.174507
18109.423828	-102.047005
18114.807129	-96.793678
18120.190430	-98.835052
18125.573730	-99.459557
18130.957031	-105.228065
18136.340332	-99.139053
18141.723633	-104.232071
18147.106934	-102.160583
18152.490234	-100.044525
18157.873535	-99.123619
18163.256836	-111.579857
18168.640137	-99.487610
18174.023438	-101.349342
18179.406738	-101.021362
18184.790039	-98.450424
18190.173340	-109.772186
18195.556641	-100.348991
18200.939941	-100.815826
18206.323242	-100.214096
18211.706543	-99.605270
18217.089844	-98.746613
18222.473145	-109.329544
18227.856445	-99.441101
18233.239746	-105.249802
18238.623047	-99.180122
18244.006348	-102.741966
18249.389648	-104.103600
18254.772949	-102.660896
18260.156250	-98.755280
18265.539551	-112.640541
18270.922852	-96.833176
18276.306152	-104.086891
18281.689453	-97.266762
18287.072754	-102.638474
18292.456055	-102.780128
18297.839355	-99.555710
18303.222656	-104.519165
18308.605957	-96.173172
18313.989258	-99.304237
18319.372559	-105.820175
18324.755859	-99.208298
18330.139160	-99.975670
18335.522461	-97.234825
18340.905762	-102.086922
18346.289063	-106.494781
18351.672363	-103.318161
18357.055664	-99.265251
18362.438965	-100.268661
18367.822266	-102.769287
18373.205566	-95.760368
18378.588867	-102.734474
18383.972168	-93.979866
18389.355469	-108.173317
18394.738770	-98.259972
18400.122070	-109.629211
18405.505371	-100.939377
18410.888672	-99.366760
18416.271973	-99.154152
18421.655273	-103.889145
18427.038574	-96.031479
18432.421875	-99.217606
18437.805176	-104.437218
18443.188477	-97.168427
18448.571777	-99.632721
18453.955078	-99.823517
18459.338379	-99.562355
18464.721680	-97.499825
18470.104980	-98.962494
18475.488281	-101.943138
18480.871582	-98.298546
18486.254883	-99.986740
18491.638184	-97.265862
18497.021484	-100.554367
18502.404785	-101.733139
18507.788086	-100.354851
18513.171387	-102.922874
18518.554688	-101.147614
18523.937988	-100.119270
18529.321289	-102.949654
18534.704590	-99.389496
18540.087891	-107.331818
18545.471191	-98.067673
18550.854492	-101.433495
18556.237793	-97.384453
18561.621094	-96.153419
18567.004395	-99.037148
18572.387695	-101.566452
18577.770996	-97.687279
18583.154297	-98.827866
18588.537598	-97.444199
18593.920898	-102.721329
18599.304199	-99.694382
18604.687500	-98.962456
18610.070801	-106.772263
18615.454102	-98.340569
18620.837402	-99.494629
18626.220703	-100.984917
18631.604004	-118.613548
18636.987305	-96.532074
18642.370605	-104.520493
18647.753906	-95.157608
18653.137207	-99.400078
18658.520508	-102.328049
18663.903809	-102.545792
18669.287109	-99.230881
18674.670410	-102.115669
18680.053711	-103.832153
18685.437012	-95.567345
18690.820313	-104.208115
18696.203613	-99.671082
18701.586914	-99.841148
18706.970215	-126.168472
18712.353516	-101.286568
18717.736816	-97.440498
18723.120117	-99.809067
18728.503418	-104.612877
18733.886719	-99.118210
18739.270020	-100.883827
18744.653320	-98.500305
18750.036621	-104.058159
18755.419922	-99.776451
18760.803223	-102.237274
18766.186523	-99.416794
18771.569824	-99.883896
18776.953125	-111.636452
18782.336426	-94.735413
18787.719727	-101.708000
18793.103027	-94.861511
18798.486328	-103.738953
18803.869629	-99.066101
18809.252930	-99.485619
18814.636230	-104.225502
18820.019531	-101.949936
18825.402832	-98.121872
18830.786133	-97.981216
18836.169434	-103.906136
18841.552734	-98.361992
18846.936035	-105.435280
18852.319336	-106.438126
18857.702637	-103.041069
18863.085938	-100.424828
18868.469238	-105.037933
18873.852539	-95.020020
18879.235840	-101.766014
18884.619141	-120.702942
18890.002441	-97.059364
18895.385742	-104.760925
18900.769043	-102.742897
18906.152344	-107.922920
18911.535645	-100.584732
18916.918945	-101.508858
18922.302246	-95.758797
18927.685547	-103.673805
18933.068848	-97.890305
18938.452148	-104.933708
18943.835449	-104.175461
18949.218750	-97.134033
18954.602051	-105.764198
18959.985352	-98.262436
18965.368652	-108.675072
18970.751953	-95.704399
18976.135254	-110.462715
18981.518555	-100.445328
18986.901855	-103.124924
18992.285156	-105.361382
18997.668457	-93.361908
19003.051758	-108.148621
19008.435059	-94.024628
19013.818359	-112.327110
19019.201660	-95.927521
19024.584961	-104.891479
19029.968262	-97.843163
19035.351563	-101.404160
19040.734863	-107.972115
19046.118164	-96.564072
19051.501465	-101.579018
19056.884766	-115.332123
19062.268066	-95.935448
19067.651367	-102.056175
19073.034668	-95.087959
19078.417969	-105.509460
19083.801270	-113.986603
19089.184570	-95.937454
19094.567871	-109.039207
19099.951172	-95.792442
19105.334473	-102.578514
19110.717773	-122.237541
19116.101074	-95.561859
19121.484375	-114.654007
19126.867676	-98.914856
19132.250977	-101.258743
19137.634277	-101.699219
19143.017578	-101.237999
19148.400879	-100.726944
19153.784180	-102.345612
19159.167480	-94.121735
19164.550781	-113.806374
19169.934082	-100.931831
19175.317383	-105.024345
19180.700684	-101.668228
19186.083984	-95.913353
19191.467285	-98.542656
19196.850586	-101.012230
19202.233887	-112.868996
19207.617188	-95.396217
19213.000488	-108.135681
19218.383789	-100.197754
19223.767090	-100.691963
19229.150391	-97.232315
19234.533691	-125.008469
19239.916992	-101.925171
19245.300293	-96.956520
19250.683594	-108.660538
19256.066895	-99.293259
19261.450195	-102.184845
19266.833496	-98.333153
19272.216797	-102.068680
19277.600098	-99.750610
19282.983398	-110.062782
19288.366699	-97.844345
19293.750000	-98.271935
19299.133301	-101.263298
19304.516602	-98.916374
19309.899902	-98.690491
19315.283203	-99.674232
19320.666504	-118.232872
19326.049805	-102.317680
19331.433105	-98.225029
19336.816406	-98.413132
19342.199707	-105.032135
19347.583008	-99.340134
19352.966309	-98.325439
19358.349609	-103.348557
19363.732910	-101.832993
19369.116211	-104.489067
19374.499512	-97.368034
19379.882813	-103.640610
19385.266113	-94.663826
19390.649414	-104.716125
19396.032715	-100.567085
19401.416016	-102.002014
19406.799316	-102.641563
19412.182617	-96.820648
19417.565918	-99.834671
19422.949219	-96.811218
19428.332520	-102.571793
19433.715820	-98.936928
19439.099121	-105.457024
19444.482422	-104.783737
19449.865723	-99.680199
19455.249023	-99.228165
19460.632324	-103.500618
19466.015625	-102.559349
19471.398926	-96.949409
19476.782227	-97.474037
19482.165527	-101.167198
19487.548828	-96.514130
19492.932129	-99.380379
19498.315430	-102.872215
19503.698730	-98.998077
19509.082031	-101.019615
19514.465332	-103.119881
19519.848633	-102.999382
19525.231934	-99.367943
19530.615234	-105.546196
19535.998535	-92.865944
19541.381836	-98.723618
19546.765137	-100.243736
19552.148438	-101.423256
19557.531738	-109.299774
19562.915039	-97.177032
19568.298340	-102.206192
19573.681641	-106.414497
19579.064941	-103.924171
19584.448242	-98.721100
19589.831543	-102.460617
19595.214844	-103.341194
19600.598145	-96.880951
19605.981445	-106.680763
19611.364746	-97.628853
19616.748047	-102.557442
19622.131348	-95.666718
19627.514648	-101.177834
19632.897949	-99.701973
19638.281250	-92.221771
19643.664551	-99.633362
19649.047852	-99.077316
19654.431152	-100.417442
19659.814453	-96.690887
19665.197754	-109.092972
19670.581055	-113.875443
19675.964355	-96.119492
19681.347656	-100.461578
19686.730957	-99.604752
19692.114258	-96.853638
19697.497559	-103.878548
19702.880859	-99.600952
19708.264160	-99.662338
19713.647461	-94.944283
19719.030762	-103.549782
19724.414063	-92.060913
19729.797363	-103.256348
19735.180664	-100.090721
19740.563965	-96.396042
19745.947266	-106.958595
19751.330566	-107.918884
19756.713867	-96.105782
19762.097168	-99.478630
19767.480469	-108.704376
19772.863770	-98.604233
19778.247070	-100.417084
19783.630371	-105.378052
19789.013672	-110.422806
19794.396973	-94.725281
19799.780273	-114.612785
19805.163574	-100.678886
19810.546875	-98.636894
19815.930176	-106.677940
19821.313477	-97.144127
19826.696777	-107.696846
19832.080078	-97.352341
19837.463379	-108.423317
19842.846680	-97.284286
19848.229980	-101.405357
19853.613281	-101.598289
19858.996582	-97.953537
19864.379883	-99.480286
19869.763184	-116.025810
19875.146484	-98.234901
19880.529785	-107.271805
19885.913086	-97.605141
19891.296387	-99.113388
19896.679688	-97.444962
19902.062988	-99.818459
19907.446289	-109.912979
19912.829590	-96.399849
19918.212891	-98.631546
19923.596191	-103.809776
19928.979492	-97.120163
19934.362793	-102.587692
19939.746094	-102.638794
19945.129395	-100.385193
19950.512695	-107.833855
19955.895996	-96.195366
19961.279297	-107.666672
19966.662598	-95.285965
19972.045898	-102.700996
19977.429199	-103.672607
19982.812500	-94.543785
19988.195801	-104.314590
19993.579102	-100.950668
19998.962402	-99.107628
20004.345703	-107.738762
20009.729004	-96.717308
20015.112305	-105.120239
20020.495605	-101.584183
20025.878906	-99.819847
20031.262207	-103.983093
20036.645508	-93.695808
20042.028809	-98.348679
20047.412109	-92.779259
20052.795410	-104.430573
20058.178711	-97.507477
20063.562012	-93.373520
20068.945313	-95.142471
20074.328613	-103.216965
20079.711914	-98.809692
20085.095215	-94.321838
20090.478516	-94.877213
20095.861816	-98.885979
20101.245117	-94.243629
20106.628418	-105.206947
20112.011719	-97.253975
20117.395020	-99.002510
20122.778320	-107.105057
20128.161621	-97.015999
20133.544922	-111.548386
20138.928223	-105.052811
20144.311523	-97.069611
20149.694824	-108.559105
20155.078125	-95.814941
20160.461426	-100.612129
20165.844727	-102.279373
20171.228027	-98.017677
20176.611328	-100.427460
20181.994629	-102.986145
20187.377930	-95.434868
20192.761230	-102.539009
20198.144531	-95.030289
20203.527832	-103.883881
20208.911133	-96.802238
20214.294434	-102.341599
20219.677734	-102.149475
20225.061035	-104.199425
20230.444336	-99.889351
20235.827637	-107.507950
20241.210938	-94.484756
20246.594238	-96.856926
20251.977539	-91.538902
20257.360840	-103.227585
20262.744141	-95.017021
20268.127441	-100.773560
20273.510742	-102.225143
20278.894043	-99.830154
20284.277344	-95.965187
20289.660645	-98.662750
20295.043945	-95.404312
20300.427246	-101.080971
20305.810547	-103.794838
20311.193848	-96.049500
20316.577148	-101.552605
20321.960449	-94.930389
20327.343750	-109.613930
20332.727051	-97.814430
20338.110352	-98.936066
20343.493652	-102.129868
20348.876953	-95.751106
20354.260254	-99.338417
20359.643555	-98.381409
20365.026855	-98.181709
20370.410156	-94.814407
20375.793457	-103.396133
20381.176758	-94.100876
20386.560059	-96.464027
20391.943359	-98.808487
20397.326660	-97.460609
20402.709961	-106.899269
20408.093262	-100.483711
20413.476563	-101.815392
20418.859863	-96.524857
20424.243164	-102.681267
20429.626465	-106.558723
20435.009766	-97.824509
20440.393066	-100.200676
20445.776367	-96.769096
20451.159668	-110.653923
20456.542969	-96.561699
20461.926270	-101.550400
20467.309570	-104.766541
20472.692871	-93.883499
20478.076172	-92.373978
20483.459473	-95.142815
20488.842773	-96.736122
20494.226074	-100.318085
20499.609375	-107.623131
20504.992676	-96.782562
20510.375977	-108.860359
20515.759277	-102.730453
20521.142578	-98.032951
20526.525879	-113.951050
20531.909180	-102.305801
20537.292480	-95.536064
20542.675781	-110.558289
20548.059082	-100.285057
20553.442383	-108.162621
20558.825684	-95.058479
20564.208984	-104.622749
20569.592285	-96.679054
20574.975586	-106.580925
20580.358887	-96.080093
20585.742188	-108.415901
20591.125488	-95.967979
20596.508789	-110.982552
20601.892090	-97.005737
20607.275391	-112.939270
20612.658691	-101.542755
20618.041992	-98.329185
20623.425293	-98.802406
20628.808594	-98.222122
20634.191895	-103.248985
20639.575195	-98.080101
20644.958496	-98.252945
20650.341797	-108.149315
20655.725098	-97.101364
20661.108398	-106.291031
20666.491699	-103.082970
20671.875000	-97.170097
20677.258301	-108.380196
20682.641602	-93.531227
20688.024902	-95.470085
20693.408203	-97.038521
20698.791504	-99.594749
20704.174805	-95.629242
20709.558105	-104.938309
20714.941406	-111.512131
20720.324707	-93.944435
20725.708008	-106.938133
20731.091309	-98.137489
20736.474609	-102.292877
20741.857910	-95.885834
20747.241211	-100.475960
20752.624512	-105.412567
20758.007813	-101.756203
20763.391113	-93.917374
20768.774414	-96.687592
20774.157715	-97.110771
20779.541016	-99.097382
20784.924316	-93.106476
20790.307617	-105.453987
20795.690918	-98.038269
20801.074219	-106.169235
20806.457520	-102.435287
20811.840820	-100.176033
20817.224121	-100.517365
20822.607422	-99.068542
20827.990723	-102.095795
20833.374023	-98.409180
20838.757324	-102.087532
20844.140625	-102.450195
20849.523926	-104.138779
20854.907227	-98.578400
20860.290527	-103.303215
20865.673828	-95.239815
20871.057129	-103.785202
20876.440430	-96.971695
20881.823730	-106.573151
20887.207031	-108.538544
20892.590332	-95.057907
20897.973633	-105.627007
20903.356934	-94.960632
20908.740234	-102.033348
20914.123535	-107.523979
20919.506836	-101.367378
20924.890137	-97.854630
20930.273438	-105.626503
20935.656738	-95.350517
20941.040039	-107.579468
20946.423340	-95.178719
20951.806641	-104.085281
20957.189941	-99.605804
20962.573242	-98.419266
20967.956543	-102.671997
20973.339844	-99.607628
20978.723145	-97.938110
20984.106445	-103.948593
20989.489746	-100.516151
20994.873047	-103.030861
21000.256348	-98.456650
21005.639648	-100.214088
21011.022949	-93.592438
21016.406250	-98.559959
21021.789551	-102.523094
21027.172852	-97.448059
21032.556152	-102.680382
21037.939453	-103.165176
21043.322754	-102.191757
21048.706055	-97.170425
21054.089355	-103.046814
21059.472656	-101.518860
21064.855957	-103.087067
21070.239258	-102.460678
21075.622559	-98.047356
21081.005859	-111.097610
21086.389160	-99.372650
21091.772461	-101.321831
21097.155762	-99.229759
21102.539063	-110.254761
21107.922363	-104.508644
21113.305664	-101.159561
21118.688965	-96.519814
21124.072266	-103.866440
21129.455566	-112.525208
21134.838867	-95.722183
21140.222168	-109.511642
21145.605469	-94.692871
21150.988770	-105.767151
21156.372070	-99.915543
21161.755371	-97.797272
21167.138672	-103.157890
21172.521973	-95.659096
21177.905273	-96.238594
21183.288574	-102.439758
21188.671875	-99.452003
21194.055176	-104.217476
21199.438477	-95.205276
21204.821777	-97.470734
21210.205078	-104.652771
21215.588379	-92.697220
21220.971680	-97.419014
21226.354980	-95.143242
21231.738281	-104.947350
21237.121582	-95.940376
21242.504883	-98.642105
21247.888184	-108.520500
21253.271484	-96.931442
21258.654785	-99.189743
21264.038086	-110.860123
21269.421387	-92.718742
21274.804688	-103.168243
21280.187988	-98.705223
21285.571289	-95.197884
21290.954590	-97.391922
21296.337891	-103.050209
21301.721191	-98.904274
21307.104492	-96.066124
21312.487793	-104.078842
21317.871094	-101.860413
21323.254395	-101.574211
21328.637695	-95.953964
21334.020996	-102.630753
21339.404297	-99.318336
21344.787598	-101.372284
21350.170898	-97.575226
21355.554199	-100.697830
21360.937500	-97.871696
21366.320801	-98.328056
21371.704102	-96.165894
21377.087402	-101.716202
21382.470703	-98.235542
21387.854004	-95.852615
21393.237305	-98.119064
21398.620605	-99.771133
21404.003906	-99.246811
21409.387207	-105.795319
21414.770508	-95.032440
21420.153809	-101.393555
21425.537109	-100.637260
21430.920410	-101.122955
21436.303711	-108.600555
21441.687012	-95.860420
21447.070313	-100.006721
21452.453613	-98.503738
21457.836914	-105.658936
21463.220215	-98.626015
21468.603516	-96.702942
21473.986816	-113.680199
21479.370117	-93.574928
21484.753418	-94.955368
21490.136719	-113.300529
21495.520020	-95.606819
21500.903320	-106.708138
21506.286621	-99.410332
21511.669922	-94.837669
21517.053223	-100.387154
21522.436523	-103.243637
21527.819824	-111.033165
21533.203125	-97.685417
21538.586426	-99.240524
21543.969727	-96.558250
21549.353027	-97.948547
21554.736328	-100.053749
21560.119629	-99.892342
21565.502930	-96.035034
21570.886230	-99.799706
21576.269531	-95.793907
21581.652832	-103.379730
21587.036133	-107.502869
21592.419434	-99.771103
21597.802734	-97.054985
21603.186035	-100.353653
21608.569336	-100.264297
21613.952637	-104.860931
21619.335938	-107.484093
21624.719238	-95.018684
21630.102539	-111.237038
21635.485840	-102.083450
21640.869141	-100.733681
21646.252441	-106.057701
21651.635742	-97.437889
21657.019043	-102.922852
21662.402344	-98.295921
21667.785645	-96.357620
21673.168945	-104.122490
21678.552246	-114.439392
21683.935547	-102.478180
21689.318848	-95.479637
21694.702148	-105.012444
21700.085449	-103.244904
21705.468750	-93.429604
21710.852051	-105.952873
21716.235352	-99.224815
21721.618652	-100.582787
21727.001953	-114.694130
21732.385254	-97.100380
21737.768555	-102.516785
21743.151855	-100.852135
21748.535156	-98.994247
21753.918457	-107.350052
21759.301758	-95.755486
21764.685059	-100.908951
21770.068359	-94.745026
21775.451660	-101.482071
21780.834961	-91.971321
21786.218262	-100.409744
21791.601563	-97.383453
21796.984863	-97.782524
21802.368164	-100.062248
21807.751465	-99.519073
21813.134766	-102.294701
21818.518066	-113.405098
21823.901367	-101.094604
21829.284668	-99.165794
21834.667969	-95.336723
21840.051270	-104.698753
21845.434570	-98.803520
21850.817871	-106.401482
21856.201172	-97.598190
21861.584473	-105.611679
21866.967773	-97.084503
21872.351074	-114.589127
21877.734375	-99.961128
21883.117676	-102.499084
21888.500977	-102.281837
21893.884277	-99.380089
21899.267578	-102.193939
21904.650879	-101.996361
21910.034180	-106.291153
21915.417480	-109.450096
21920.800781	-100.976746
21926.184082	-98.555527
21931.567383	-96.261940
21936.950684	-98.527374
21942.333984	-99.656364
21947.717285	-103.384331
21953.100586	-98.276306
21958.483887	-109.376228
21963.867188	-98.516151
21969.250488	-102.320236
21974.633789	-97.778435
21980.017090	-101.504745
21985.400391	-101.922485
21990.783691	-95.024536
21996.166992	-103.024231
22001.550293	-106.867363
22006.933594	-93.488358
22012.316895	-107.615974
22017.700195	-99.151245
22023.083496	-107.612617
22028.466797	-97.210564
22033.850098	-104.986862
22039.233398	-102.119942
22044.616699	-97.860939
