Frequency (Hz)	Level (dB)
5.383301	-45.150185
10.766602	-55.616951
16.149902	-75.549889
21.533203	-73.860847
26.916504	-69.083832
32.299805	-63.979126
37.683105	-68.930641
43.066406	-66.545273
48.449707	-72.410400
53.833008	-65.500122
59.216309	-72.343903
64.599609	-72.148911
69.982910	-65.939293
75.366211	-70.162865
80.749512	-73.284775
86.132813	-73.179115
91.516113	-69.683937
96.899414	-75.993919
102.282715	-70.537903
107.666016	-65.737816
113.049316	-68.913361
118.432617	-66.449333
123.815918	-71.797127
129.199219	-66.041908
134.582520	-71.175018
139.965820	-76.323296
145.349121	-68.109192
150.732422	-70.207527
156.115723	-72.114609
161.499023	-68.470581
166.882324	-65.124779
172.265625	-47.343517
177.648926	-45.011974
183.032227	-41.734840
188.415527	-33.475460
193.798828	-32.600521
199.182129	-32.785862
204.565430	-32.518719
209.948730	-31.852957
215.332031	-32.493069
220.715332	-35.352337
226.098633	-40.290165
231.481934	-48.068642
236.865234	-61.462517
242.248535	-70.902420
247.631836	-74.382141
253.015137	-67.438095
258.398438	-74.981804
263.781738	-72.041138
269.165039	-77.044876
274.548340	-65.715881
279.931641	-67.703560
285.314941	-64.863014
290.698242	-62.500847
296.081543	-82.276932
301.464844	-81.880638
306.848145	-61.986717
312.231445	-62.625183
317.614746	-67.856598
322.998047	-64.454132
328.381348	-58.558517
333.764648	-67.374031
339.147949	-64.349953
344.531250	-66.396996
349.914551	-53.036556
355.297852	-49.287216
360.681152	-56.721298
366.064453	-44.565025
371.447754	-43.794739
376.831055	-37.182602
382.214355	-36.962948
387.597656	-33.444107
392.980957	-33.232086
398.364258	-34.803562
403.747559	-32.583111
409.130859	-32.467712
414.514160	-33.918247
419.897461	-31.411322
425.280762	-29.195719
430.664063	-29.097759
436.047363	-30.779058
441.430664	-34.273937
446.813965	-39.497631
452.197266	-45.746761
457.580566	-56.925102
462.963867	-57.477272
468.347168	-65.256981
473.730469	-56.241585
479.113770	-56.364883
484.497070	-64.280746
489.880371	-59.590839
495.263672	-67.641853
500.646973	-57.215492
506.030273	-51.034954
511.413574	-63.575024
516.796875	-54.028297
522.180176	-66.956306
527.563477	-42.894787
532.946777	-47.950928
538.330078	-46.209229
543.713379	-42.101109
549.096680	-37.501953
554.479980	-37.051205
559.863281	-35.938950
565.246582	-32.175842
570.629883	-30.091608
576.013184	-26.885118
581.396484	-27.754372
586.779785	-24.776834
592.163086	-23.829885
597.546387	-25.258974
602.929688	-25.349512
608.312988	-25.629282
613.696289	-26.593109
619.079590	-23.532578
624.462891	-22.973600
629.846191	-24.681652
635.229492	-24.220676
640.612793	-20.975374
645.996094	-18.672859
651.379395	-18.224646
656.762695	-19.660347
662.145996	-22.357264
667.529297	-26.616158
672.912598	-32.575909
678.295898	-37.161575
683.679199	-47.592262
689.062500	-44.302055
694.445801	-50.475670
699.829102	-46.075649
705.212402	-41.460178
710.595703	-35.558784
715.979004	-37.274391
721.362305	-27.713703
726.745605	-32.806206
732.128906	-29.989500
737.512207	-26.253075
742.895508	-24.964279
748.278809	-29.493305
753.662109	-26.056009
759.045410	-22.420019
764.428711	-20.628044
769.812012	-19.025995
775.195313	-18.311022
780.578613	-18.777838
785.961914	-17.386738
791.345215	-19.187214
796.728516	-18.663475
802.111816	-18.298988
807.495117	-22.017525
812.878418	-22.058830
818.261719	-19.550270
823.645020	-20.620171
829.028320	-20.885696
834.411621	-20.466095
839.794922	-20.645491
845.178223	-20.680822
850.561523	-20.687809
855.944824	-19.575600
861.328125	-18.604725
866.711426	-19.006470
872.094727	-20.728624
877.478027	-23.207088
882.861328	-27.288528
888.244629	-32.027290
893.627930	-35.544994
899.011230	-42.522358
904.394531	-39.203175
909.777832	-43.607643
915.161133	-45.631180
920.544434	-43.319901
925.927734	-42.357746
931.311035	-40.780869
936.694336	-36.090652
942.077637	-38.876572
947.460938	-39.101200
952.844238	-39.270294
958.227539	-40.239178
963.610840	-42.011963
968.994141	-46.451569
974.377441	-52.486141
979.760742	-53.550995
985.144043	-51.483273
990.527344	-57.415955
995.910645	-52.042030
1001.293945	-54.618439
1006.677246	-41.920860
1012.060547	-39.548161
1017.443848	-42.810886
1022.827148	-39.949989
1028.210449	-37.030087
1033.593750	-37.456936
1038.977051	-37.762825
1044.360352	-34.617245
1049.743652	-35.352970
1055.126953	-37.811676
1060.510254	-40.017452
1065.893555	-40.230911
1071.276855	-34.899490
1076.660156	-31.001942
1082.043457	-27.065601
1087.426758	-29.090466
1092.810059	-28.444958
1098.193359	-29.531689
1103.576660	-38.991810
1108.959961	-34.741230
1114.343262	-41.763260
1119.726563	-35.245087
1125.109863	-39.408394
1130.493164	-44.428535
1135.876465	-40.662971
1141.259766	-43.550171
1146.643066	-40.548668
1152.026367	-38.573952
1157.409668	-41.292770
1162.792969	-39.095585
1168.176270	-36.897789
1173.559570	-37.602314
1178.942871	-38.399242
1184.326172	-39.360340
1189.709473	-41.871880
1195.092773	-38.726978
1200.476074	-38.173767
1205.859375	-41.279739
1211.242676	-41.022316
1216.625977	-41.941578
1222.009277	-48.385262
1227.392578	-46.280148
1232.775879	-44.160553
1238.159180	-47.255398
1243.542480	-44.557457
1248.925781	-41.753368
1254.309082	-44.659248
1259.692383	-44.798355
1265.075684	-41.664890
1270.458984	-43.771423
1275.842285	-36.039192
1281.225586	-39.187336
1286.608887	-48.878040
1291.992188	-38.145870
1297.375488	-31.217590
1302.758789	-36.876759
1308.142090	-36.689384
1313.525391	-34.522503
1318.908691	-46.492622
1324.291992	-35.508492
1329.675293	-36.501072
1335.058594	-43.471336
1340.441895	-40.254025
1345.825195	-38.182087
1351.208496	-37.770809
1356.591797	-38.704910
1361.975098	-36.058464
1367.358398	-33.138561
1372.741699	-32.005207
1378.125000	-31.111702
1383.508301	-30.984753
1388.891602	-31.843838
1394.274902	-34.799656
1399.658203	-38.024071
1405.041504	-45.186661
1410.424805	-46.045193
1415.808105	-42.831497
1421.191406	-34.769150
1426.574707	-34.875813
1431.958008	-35.970539
1437.341309	-36.639366
1442.724609	-38.383636
1448.107910	-37.373428
1453.491211	-30.727747
1458.874512	-32.100342
1464.257813	-43.487301
1469.641113	-41.848469
1475.024414	-38.484875
1480.407715	-38.065800
1485.791016	-40.566406
1491.174316	-32.589294
1496.557617	-32.611240
1501.940918	-37.088478
1507.324219	-37.056133
1512.707520	-28.070601
1518.090820	-26.709620
1523.474121	-30.465679
1528.857422	-29.549484
1534.240723	-30.035139
1539.624023	-36.602478
1545.007324	-40.050449
1550.390625	-39.608250
1555.773926	-51.115627
1561.157227	-43.941196
1566.540527	-42.707966
1571.923828	-42.123001
1577.307129	-41.626358
1582.690430	-43.946167
1588.073730	-41.417080
1593.457031	-41.414093
1598.840332	-39.516788
1604.223633	-40.884083
1609.606934	-45.575706
1614.990234	-48.042843
1620.373535	-41.983990
1625.756836	-40.353722
1631.140137	-50.837543
1636.523438	-48.230896
1641.906738	-47.894943
1647.290039	-63.456894
1652.673340	-50.992790
1658.056641	-51.521141
1663.439941	-43.233711
1668.823242	-42.556732
1674.206543	-44.047817
1679.589844	-48.181957
1684.973145	-42.354561
1690.356445	-43.123611
1695.739746	-44.774307
1701.123047	-45.604107
1706.506348	-44.697781
1711.889648	-42.327312
1717.272949	-54.553143
1722.656250	-48.318577
1728.039551	-49.149433
1733.422852	-48.989723
1738.806152	-43.596043
1744.189453	-44.349693
1749.572754	-50.816193
1754.956055	-45.011532
1760.339355	-43.538116
1765.722656	-49.801350
1771.105957	-52.516323
1776.489258	-51.289265
1781.872559	-47.314812
1787.255859	-46.952816
1792.639160	-50.329567
1798.022461	-52.949951
1803.405762	-56.675850
1808.789063	-55.447430
1814.172363	-53.408749
1819.555664	-53.730625
1824.938965	-55.480320
1830.322266	-51.933033
1835.705566	-45.578297
1841.088867	-47.333984
1846.472168	-52.321281
1851.855469	-53.072712
1857.238770	-49.689701
1862.622070	-49.171753
1868.005371	-52.318142
1873.388672	-52.442814
1878.771973	-50.481888
1884.155273	-44.600655
1889.538574	-46.231857
1894.921875	-46.557140
1900.305176	-51.106853
1905.688477	-52.905861
1911.071777	-49.809414
1916.455078	-45.427715
1921.838379	-46.107708
1927.221680	-52.210506
1932.604980	-53.624485
1937.988281	-45.670753
1943.371582	-42.204899
1948.754883	-41.959663
1954.138184	-45.687870
1959.521484	-46.508987
1964.904785	-40.353794
1970.288086	-39.915958
1975.671387	-46.941254
1981.054688	-55.055687
1986.437988	-51.081150
1991.821289	-49.712128
1997.204590	-51.231789
2002.587891	-53.288795
2007.971191	-48.976738
2013.354492	-50.675503
2018.737793	-54.066170
2024.121094	-51.127213
2029.504395	-44.733128
2034.887695	-47.179283
2040.270996	-49.093983
2045.654297	-52.758514
2051.037598	-48.453129
2056.420898	-47.502895
2061.804199	-47.195408
2067.187500	-49.514069
2072.570801	-52.145325
2077.954102	-47.994148
2083.337402	-52.265450
2088.720703	-48.621319
2094.104004	-50.511715
2099.487305	-64.405388
2104.870605	-56.842873
2110.253906	-46.199528
2115.637207	-43.548382
2121.020508	-45.909863
2126.403809	-45.392109
2131.787109	-50.289154
2137.170410	-47.666309
2142.553711	-43.773865
2147.937012	-44.332226
2153.320313	-44.492718
2158.703613	-44.110928
2164.086914	-48.377327
2169.470215	-50.798470
2174.853516	-44.028755
2180.236816	-41.506294
2185.620117	-44.999199
2191.003418	-54.733177
2196.386719	-51.088554
2201.770020	-45.688183
2207.153320	-46.936348
2212.536621	-54.879539
2217.919922	-52.452026
2223.303223	-45.985878
2228.686523	-47.680969
2234.069824	-51.614063
2239.453125	-53.243618
2244.836426	-51.585403
2250.219727	-52.069847
2255.603027	-53.355282
2260.986328	-51.928532
2266.369629	-57.565853
2271.752930	-52.671852
2277.136230	-52.437939
2282.519531	-45.138195
2287.902832	-43.719456
2293.286133	-51.339886
2298.669434	-67.322617
2304.052734	-51.340374
2309.436035	-45.331032
2314.819336	-45.224915
2320.202637	-49.316784
2325.585938	-49.192162
2330.969238	-52.444206
2336.352539	-69.445946
2341.735840	-51.082657
2347.119141	-44.612556
2352.502441	-41.208061
2357.885742	-40.207554
2363.269043	-43.719521
2368.652344	-51.165024
2374.035645	-54.456726
2379.418945	-48.118832
2384.802246	-39.604134
2390.185547	-34.954220
2395.568848	-37.379402
2400.952148	-44.592743
2406.335449	-44.609505
2411.718750	-43.994282
2417.102051	-37.097160
2422.485352	-39.545929
2427.868652	-48.391487
2433.251953	-51.628033
2438.635254	-50.338074
2444.018555	-44.243862
2449.401855	-40.307137
2454.785156	-41.575329
2460.168457	-48.447132
2465.551758	-61.598572
2470.935059	-47.806198
2476.318359	-39.709057
2481.701660	-37.566380
2487.084961	-41.613277
2492.468262	-43.140648
2497.851563	-45.520679
2503.234863	-41.214046
2508.618164	-37.523678
2514.001465	-39.543560
2519.384766	-38.413761
2524.768066	-37.778076
2530.151367	-39.956383
2535.534668	-48.842510
2540.917969	-44.014595
2546.301270	-38.496861
2551.684570	-35.497715
2557.067871	-33.712147
2562.451172	-33.663826
2567.834473	-35.133194
2573.217773	-37.525200
2578.601074	-61.533352
2583.984375	-36.742336
2589.367676	-39.759975
2594.750977	-35.696011
2600.134277	-32.502106
2605.517578	-27.712629
2610.900879	-28.110100
2616.284180	-38.874168
2621.667480	-35.047657
2627.050781	-34.499142
2632.434082	-35.116463
2637.817383	-35.119827
2643.200684	-40.391163
2648.583984	-39.619659
2653.967285	-40.985390
2659.350586	-48.784172
2664.733887	-55.016857
2670.117188	-43.017292
2675.500488	-39.798622
2680.883789	-39.186932
2686.267090	-40.574417
2691.650391	-42.551579
2697.033691	-47.660416
2702.416992	-44.604855
2707.800293	-49.672787
2713.183594	-44.479130
2718.566895	-40.662609
2723.950195	-45.071548
2729.333496	-51.499687
2734.716797	-50.474274
2740.100098	-56.107288
2745.483398	-49.162235
2750.866699	-45.754005
2756.250000	-45.147102
2761.633301	-45.005470
2767.016602	-43.525692
2772.399902	-44.809406
2777.783203	-48.238518
2783.166504	-55.709961
2788.549805	-52.203846
2793.933105	-52.894852
2799.316406	-52.631283
2804.699707	-51.196781
2810.083008	-51.320869
2815.466309	-51.590263
2820.849609	-54.117741
2826.232910	-56.172089
2831.616211	-57.763924
2836.999512	-51.416122
2842.382813	-49.716614
2847.766113	-54.959263
2853.149414	-64.167519
2858.532715	-66.111450
2863.916016	-70.414978
2869.299316	-58.599041
2874.682617	-56.287407
2880.065918	-59.678188
2885.449219	-63.341011
2890.832520	-64.373222
2896.215820	-71.708229
2901.599121	-64.272789
2906.982422	-59.446632
2912.365723	-55.140423
2917.749023	-56.799870
2923.132324	-59.093113
2928.515625	-57.369682
2933.898926	-60.388565
2939.282227	-74.742409
2944.665527	-61.069607
2950.048828	-61.856560
2955.432129	-63.832802
2960.815430	-59.814156
2966.198730	-56.795952
2971.582031	-58.476288
2976.965332	-63.348274
2982.348633	-68.124626
2987.731934	-67.142075
2993.115234	-68.277946
2998.498535	-71.276726
3003.881836	-69.892967
3009.265137	-64.482269
3014.648438	-66.254463
3020.031738	-69.644089
3025.415039	-66.351570
3030.798340	-63.209602
3036.181641	-65.179909
3041.564941	-68.271210
3046.948242	-61.289268
3052.331543	-60.018246
3057.714844	-63.610100
3063.098145	-63.474842
3068.481445	-68.364853
3073.864746	-80.764297
3079.248047	-76.110855
3084.631348	-69.406487
3090.014648	-73.848587
3095.397949	-82.840370
3100.781250	-78.984039
3106.164551	-76.356895
3111.547852	-72.746094
3116.931152	-68.252632
3122.314453	-65.782814
3127.697754	-69.533394
3133.081055	-77.276123
3138.464355	-82.089226
3143.847656	-78.206398
3149.230957	-82.921280
3154.614258	-73.887856
3159.997559	-69.251945
3165.380859	-69.405258
3170.764160	-71.728828
3176.147461	-75.677864
3181.530762	-72.492508
3186.914063	-70.480980
3192.297363	-70.631310
3197.680664	-77.606949
3203.063965	-85.013275
3208.447266	-79.023079
3213.830566	-77.604599
3219.213867	-72.290756
3224.597168	-69.849243
3229.980469	-69.680122
3235.363770	-73.754303
3240.747070	-82.575424
3246.130371	-94.701546
3251.513672	-79.308975
3256.896973	-78.489937
3262.280273	-76.784767
3267.663574	-71.763336
3273.046875	-68.289246
3278.430176	-71.418198
3283.813477	-83.868088
3289.196777	-79.855827
3294.580078	-86.857704
3299.963379	-88.771553
3305.346680	-79.816376
3310.729980	-73.409386
3316.113281	-71.474014
3321.496582	-72.652603
3326.879883	-77.793831
3332.263184	-83.910172
3337.646484	-80.151688
3343.029785	-82.644394
3348.413086	-93.534355
3353.796387	-79.353752
3359.179688	-84.015106
3364.562988	-87.244339
3369.946289	-83.445518
3375.329590	-80.508614
3380.712891	-79.407494
3386.096191	-79.985268
3391.479492	-83.693993
3396.862793	-92.748596
3402.246094	-89.776718
3407.629395	-95.771492
3413.012695	-94.191040
3418.395996	-94.328491
3423.779297	-86.242165
3429.162598	-82.300262
3434.545898	-83.507851
3439.929199	-85.577110
3445.312500	-90.307320
3450.695801	-91.340958
3456.079102	-93.305954
3461.462402	-91.598595
3466.845703	-99.047890
3472.229004	-88.644737
3477.612305	-84.853600
3482.995605	-84.700455
3488.378906	-84.471809
3493.762207	-98.659676
3499.145508	-86.767784
3504.528809	-90.741432
3509.912109	-85.954140
3515.295410	-84.148560
3520.678711	-89.289658
3526.062012	-89.877655
3531.445313	-89.778893
3536.828613	-86.400703
3542.211914	-90.679855
3547.595215	-93.729462
3552.978516	-87.454376
3558.361816	-93.437218
3563.745117	-98.659637
3569.128418	-106.990570
3574.511719	-95.677719
3579.895020	-89.484489
3585.278320	-89.963272
3590.661621	-89.193985
3596.044922	-94.917801
3601.428223	-98.106926
3606.811523	-109.644928
3612.194824	-95.778839
3617.578125	-104.062042
3622.961426	-113.174126
3628.344727	-100.462677
3633.728027	-99.953781
3639.111328	-99.094986
3644.494629	-100.628059
3649.877930	-108.310562
3655.261230	-93.929039
3660.644531	-92.444763
3666.027832	-98.516296
3671.411133	-99.446495
3676.794434	-106.358742
3682.177734	-97.858658
3687.561035	-102.826851
3692.944336	-94.243576
3698.327637	-97.421051
3703.710938	-87.934563
3709.094238	-85.261169
3714.477539	-92.612015
3719.860840	-95.499847
3725.244141	-98.868301
3730.627441	-102.018661
3736.010742	-97.215279
3741.394043	-100.600403
3746.777344	-103.624977
3752.160645	-96.918083
3757.543945	-98.064270
3762.927246	-107.776802
3768.310547	-104.571014
3773.693848	-98.237671
3779.077148	-93.781837
3784.460449	-95.025162
3789.843750	-95.552788
3795.227051	-113.022446
3800.610352	-98.662033
3805.993652	-105.178291
3811.376953	-98.300804
3816.760254	-114.931496
3822.143555	-104.154167
3827.526855	-103.960289
3832.910156	-108.406837
3838.293457	-109.878822
3843.676758	-104.285515
3849.060059	-104.645630
3854.443359	-110.488159
3859.826660	-104.496338
3865.209961	-109.250717
3870.593262	-105.565918
3875.976563	-107.369217
3881.359863	-107.251717
3886.743164	-107.192558
3892.126465	-106.706139
3897.509766	-107.197662
3902.893066	-107.164001
3908.276367	-107.060974
3913.659668	-107.116280
3919.042969	-107.182777
3924.426270	-107.161339
3929.809570	-107.176537
3935.192871	-107.125977
3940.576172	-107.224030
3945.959473	-107.198303
3951.342773	-107.249962
3956.726074	-107.223602
3962.109375	-107.228081
3967.492676	-107.314438
3972.875977	-107.207680
3978.259277	-107.392509
3983.642578	-107.212769
3989.025879	-107.387451
3994.409180	-107.297134
3999.792480	-107.391701
4005.175781	-107.344666
4010.559082	-107.369499
4015.942383	-107.421257
4021.325684	-107.367332
4026.708984	-107.455132
4032.092285	-107.390091
4037.475586	-107.452660
4042.858887	-107.472740
4048.242188	-107.449730
4053.625488	-107.479683
4059.008789	-107.495949
4064.392090	-107.564049
4069.775391	-107.482536
4075.158691	-107.569183
4080.541992	-107.519600
4085.925293	-107.578613
4091.308594	-107.597633
4096.691895	-107.555931
4102.075195	-107.623581
4107.458496	-107.619232
4112.841797	-107.649986
4118.225098	-107.569603
4123.608398	-107.751274
4128.991699	-107.612595
4134.375000	-107.732430
4139.758301	-107.661995
4145.141602	-107.725471
4150.524902	-107.715279
4155.908203	-107.721069
4161.291504	-107.826172
4166.674805	-107.648170
4172.058105	-107.872162
4177.441406	-107.739082
4182.824707	-107.777634
4188.208008	-107.808037
4193.591309	-107.866425
4198.974609	-107.803299
4204.357910	-107.862320
4209.741211	-107.919212
4215.124512	-107.750320
4220.507813	-107.986771
4225.891113	-107.797462
4231.274414	-108.008194
4236.657715	-107.892609
4242.041016	-107.933807
4247.424316	-107.979523
4252.807617	-107.892525
4258.190918	-108.075928
4263.574219	-107.852394
4268.957520	-108.193253
4274.340820	-107.900139
4279.724121	-108.038788
4285.107422	-108.000237
4290.490723	-108.123199
4295.874023	-108.011574
4301.257324	-108.190544
4306.640625	-107.945496
4312.023926	-108.219398
4317.407227	-108.084969
4322.790527	-107.938087
4328.173828	-108.327385
4333.557129	-108.052902
4338.940430	-108.175919
4344.323730	-108.205231
4349.707031	-108.258179
4355.090332	-108.125938
4360.473633	-108.231445
4365.856934	-108.284492
4371.240234	-108.111961
4376.623535	-108.265770
4382.006836	-108.347427
4387.390137	-108.233543
4392.773438	-108.239960
4398.156738	-108.362976
4403.540039	-108.212837
4408.923340	-108.317787
4414.306641	-108.481659
4419.689941	-108.136261
4425.073242	-108.467491
4430.456543	-108.296242
4435.839844	-108.475052
4441.223145	-108.258705
4446.606445	-108.571770
4451.989746	-108.339851
4457.373047	-108.346825
4462.756348	-108.489120
4468.139648	-108.399849
4473.522949	-108.587189
4478.906250	-108.375885
4484.289551	-108.430252
4489.672852	-108.683823
4495.056152	-108.410713
4500.439453	-108.547806
4505.822754	-108.517151
4511.206055	-108.634338
4516.589355	-108.406586
4521.972656	-108.603775
4527.355957	-108.598495
4532.739258	-108.569527
4538.122559	-108.700264
4543.505859	-108.577019
4548.889160	-108.701447
4554.272461	-108.554520
4559.655762	-108.688957
4565.039063	-108.569374
4570.422363	-108.799789
4575.805664	-108.538666
4581.188965	-108.690613
4586.572266	-108.735191
4591.955566	-108.692772
4597.338867	-108.791428
4602.722168	-108.683228
4608.105469	-108.846840
4613.488770	-108.659851
4618.872070	-108.943436
4624.255371	-108.787804
4629.638672	-108.739792
4635.021973	-108.768349
4640.405273	-108.885216
4645.788574	-108.806168
4651.171875	-108.925934
4656.555176	-108.764488
4661.938477	-108.895706
4667.321777	-108.843834
4672.705078	-108.914192
4678.088379	-109.044601
4683.471680	-108.725998
4688.854980	-108.997955
4694.238281	-108.875946
4699.621582	-108.907654
4705.004883	-109.079529
4710.388184	-108.903214
4715.771484	-109.007591
4721.154785	-108.943794
4726.538086	-108.925316
4731.921387	-109.108116
4737.304688	-108.996445
4742.687988	-108.947945
4748.071289	-109.140327
4753.454590	-109.190056
4758.837891	-108.769005
4764.221191	-109.291977
4769.604492	-108.905762
4774.987793	-109.278793
4780.371094	-109.070396
4785.754395	-109.134758
4791.137695	-109.056938
4796.520996	-109.047310
4801.904297	-109.308205
4807.287598	-109.086632
4812.670898	-109.374268
4818.054199	-108.883980
4823.437500	-109.422859
4828.820801	-109.155220
4834.204102	-109.127159
4839.587402	-109.308449
4844.970703	-109.103401
4850.354004	-109.627106
4855.737305	-108.893501
4861.120605	-109.464348
4866.503906	-109.259293
4871.887207	-109.260788
4877.270508	-109.310982
4882.653809	-109.508438
4888.037109	-109.150902
4893.420410	-109.402122
4898.803711	-109.257896
4904.187012	-109.320374
4909.570313	-109.206619
4914.953613	-109.699005
4920.336914	-109.059647
4925.720215	-109.632721
4931.103516	-109.220055
4936.486816	-109.448830
4941.870117	-109.599388
4947.253418	-109.344788
4952.636719	-109.171104
4958.020020	-109.790146
4963.403320	-109.237083
4968.786621	-109.667641
4974.169922	-109.280434
4979.553223	-109.927574
4984.936523	-109.191055
4990.319824	-109.646873
4995.703125	-109.346161
5001.086426	-109.549797
5006.469727	-109.535606
5011.853027	-109.624794
5017.236328	-109.587700
5022.619629	-109.209595
5028.002930	-110.063042
5033.386230	-109.318466
5038.769531	-109.828812
5044.152832	-109.381332
5049.536133	-110.104019
5054.919434	-109.124825
5060.302734	-109.754311
5065.686035	-109.589622
5071.069336	-109.729950
5076.452637	-109.808296
5081.835938	-109.607285
5087.219238	-109.827835
5092.602539	-109.577171
5097.985840	-109.684319
5103.369141	-109.699196
5108.752441	-109.608238
5114.135742	-109.954231
5119.519043	-109.479179
5124.902344	-109.807945
5130.285645	-110.087715
5135.668945	-109.531532
5141.052246	-109.570625
5146.435547	-110.004021
5151.818848	-109.728523
5157.202148	-109.705864
5162.585449	-110.183296
5167.968750	-109.556206
5173.352051	-110.023407
5178.735352	-110.066086
5184.118652	-109.404213
5189.501953	-110.112015
5194.885254	-109.944733
5200.268555	-109.895935
5205.651855	-109.558868
5211.035156	-110.573280
5216.418457	-109.728607
5221.801758	-109.927643
5227.185059	-109.941994
5232.568359	-109.876053
5237.951660	-110.256676
5243.334961	-109.665100
5248.718262	-110.138664
5254.101563	-109.812874
5259.484863	-110.012863
5264.868164	-110.168846
5270.251465	-109.837540
5275.634766	-110.658760
5281.018066	-109.497978
5286.401367	-110.150040
5291.784668	-110.024086
5297.167969	-109.909378
5302.551270	-110.161461
5307.934570	-110.310608
5313.317871	-109.825340
5318.701172	-110.414543
5324.084473	-109.562424
5329.467773	-110.587189
5334.851074	-109.993690
5340.234375	-110.115105
5345.617676	-110.216171
5351.000977	-110.007385
5356.384277	-110.324440
5361.767578	-110.392853
5367.150879	-109.966652
5372.534180	-110.211899
5377.917480	-110.238258
5383.300781	-110.195816
5388.684082	-110.414864
5394.067383	-109.859390
5399.450684	-110.566948
5404.833984	-110.229393
5410.217285	-110.310562
5415.600586	-109.920090
5420.983887	-110.405823
5426.367188	-110.435257
5431.750488	-110.211357
5437.133789	-110.309204
5442.517090	-109.988197
5447.900391	-111.099579
5453.283691	-109.785210
5458.666992	-110.236298
5464.050293	-110.962883
5469.433594	-109.962090
5474.816895	-110.548805
5480.200195	-110.463783
5485.583496	-110.294647
5490.966797	-110.480415
5496.350098	-110.629524
5501.733398	-110.276947
5507.116699	-110.150108
5512.500000	-110.704926
5517.883301	-110.463676
5523.266602	-110.731163
5528.649902	-109.881126
5534.033203	-111.054321
5539.416504	-110.386902
5544.799805	-110.697472
5550.183105	-109.875870
5555.566406	-110.666649
5560.949707	-110.880836
5566.333008	-110.569260
5571.716309	-110.324081
5577.099609	-110.390312
5582.482910	-110.759018
5587.866211	-110.493820
5593.249512	-110.945221
5598.632813	-109.782463
5604.016113	-111.437462
5609.399414	-110.091972
5614.782715	-110.785057
5620.166016	-110.421112
5625.549316	-110.690636
5630.932617	-110.512001
5636.315918	-110.573074
5641.699219	-111.044868
5647.082520	-110.036224
5652.465820	-111.547523
5657.849121	-110.462921
5663.232422	-110.491577
5668.615723	-110.511131
5673.999023	-110.772392
5679.382324	-110.416946
5684.765625	-110.901001
5690.148926	-111.151985
5695.532227	-110.062119
5700.915527	-110.935280
5706.298828	-110.377434
5711.682129	-111.215569
5717.065430	-110.899536
5722.448730	-110.644562
5727.832031	-110.760628
5733.215332	-110.726227
5738.598633	-110.892548
5743.981934	-111.199440
5749.365234	-109.851845
5754.748535	-111.769203
5760.131836	-110.454399
5765.515137	-110.809669
5770.898438	-111.240105
5776.281738	-110.605896
5781.665039	-111.201302
5787.048340	-110.830338
5792.431641	-110.578644
5797.814941	-110.652260
5803.198242	-111.009613
5808.581543	-111.293785
5813.964844	-110.430161
5819.348145	-110.930336
5824.731445	-110.643013
5830.114746	-111.443153
5835.498047	-111.000496
5840.881348	-110.812767
5846.264648	-110.685616
5851.647949	-110.958076
5857.031250	-111.005836
5862.414551	-111.391388
5867.797852	-110.285057
5873.181152	-111.081383
5878.564453	-111.673897
5883.947754	-110.753777
5889.331055	-110.586784
5894.714355	-111.540840
5900.097656	-110.987709
5905.480957	-110.874146
5910.864258	-111.104561
5916.247559	-111.335999
5921.630859	-111.142853
5927.014160	-111.295700
5932.397461	-110.703247
5937.780762	-111.249603
5943.164063	-110.204468
5948.547363	-112.521912
5953.930664	-110.205826
5959.313965	-111.537048
5964.697266	-111.423828
5970.080566	-110.702271
5975.463867	-110.633850
5980.847168	-111.785873
5986.230469	-111.515747
5991.613770	-110.673332
5996.997070	-111.139725
6002.380371	-110.937820
6007.763672	-111.598206
6013.146973	-111.076546
6018.530273	-111.133621
6023.913574	-112.393646
6029.296875	-110.045410
6034.680176	-111.657669
6040.063477	-111.432709
6045.446777	-111.548241
6050.830078	-110.869423
6056.213379	-111.909111
6061.596680	-110.462227
6066.979980	-111.929352
6072.363281	-111.039238
6077.746582	-111.271286
6083.129883	-111.318451
6088.513184	-110.898155
6093.896484	-112.079567
6099.279785	-110.821014
6104.663086	-111.652840
6110.046387	-111.032654
6115.429688	-112.219406
6120.812988	-110.842491
6126.196289	-111.214371
6131.579590	-110.829689
6136.962891	-112.384590
6142.346191	-110.899979
6147.729492	-111.018013
6153.112793	-112.167557
6158.496094	-111.126549
6163.879395	-111.853668
6169.262695	-111.466667
6174.645996	-111.172775
6180.029297	-111.419373
6185.412598	-111.755707
6190.795898	-110.946129
6196.179199	-111.759331
6201.562500	-111.546188
6206.945801	-111.663826
6212.329102	-111.766884
6217.712402	-110.598587
6223.095703	-112.910271
6228.479004	-110.207787
6233.862305	-112.886665
6239.245605	-110.353539
6244.628906	-112.690392
6250.012207	-111.427200
6255.395508	-111.441002
6260.778809	-111.213776
6266.162109	-112.162354
6271.545410	-111.180862
6276.928711	-111.908859
6282.312012	-110.736977
6287.695313	-112.080727
6293.078613	-111.745239
6298.461914	-112.283951
6303.845215	-111.273415
6309.228516	-111.867699
6314.611816	-111.217407
6319.995117	-111.437561
6325.378418	-112.593132
6330.761719	-111.443878
6336.145020	-111.940750
6341.528320	-111.125267
6346.911621	-112.352936
6352.294922	-111.147690
6357.678223	-111.903885
6363.061523	-111.655594
6368.444824	-111.612671
6373.828125	-111.839149
6379.211426	-111.267090
6384.594727	-112.053741
6389.978027	-112.005730
6395.361328	-112.259209
6400.744629	-111.787819
6406.127930	-112.039101
6411.511230	-111.053551
6416.894531	-111.414902
6422.277832	-111.779297
6427.661133	-113.602478
6433.044434	-110.619072
6438.427734	-112.123291
6443.811035	-111.216667
6449.194336	-112.671288
6454.577637	-112.077278
6459.960938	-110.235939
6465.344238	-112.470146
6470.727539	-113.166794
6476.110840	-111.868515
6481.494141	-111.125664
6486.877441	-112.254959
6492.260742	-111.707291
6497.644043	-112.262962
6503.027344	-110.764397
6508.410645	-114.041710
6513.793945	-111.317604
6519.177246	-112.395988
6524.560547	-111.205452
6529.943848	-111.715790
6535.327148	-112.838692
6540.710449	-111.882004
6546.093750	-112.286682
6551.477051	-111.037399
6556.860352	-112.414993
6562.243652	-111.521866
6567.626953	-111.625359
6573.010254	-111.766792
6578.393555	-112.491325
6583.776855	-111.401367
6589.160156	-111.805176
6594.543457	-111.601746
6599.926758	-112.157188
6605.310059	-111.658401
6610.693359	-112.221199
6616.076660	-112.116005
6621.459961	-113.076874
6626.843262	-111.317566
6632.226563	-111.548523
6637.609863	-112.245667
6642.993164	-113.036232
6648.376465	-111.406532
6653.759766	-111.797890
6659.143066	-112.292084
6664.526367	-112.459457
6669.909668	-111.697235
6675.292969	-112.768990
6680.676270	-112.335739
6686.059570	-112.201866
6691.442871	-111.021820
6696.826172	-113.008049
6702.209473	-111.459999
6707.592773	-112.906212
6712.976074	-111.852837
6718.359375	-112.610359
6723.742676	-111.180649
6729.125977	-112.811104
6734.509277	-112.012611
6739.892578	-111.891502
6745.275879	-113.273727
6750.659180	-111.022583
6756.042480	-113.420029
6761.425781	-111.629135
6766.809082	-112.667740
6772.192383	-111.368637
6777.575684	-111.878136
6782.958984	-113.137535
6788.342285	-112.197128
6793.725586	-110.860863
6799.108887	-112.786041
6804.492188	-112.721893
6809.875488	-112.124222
6815.258789	-112.244408
6820.642090	-112.783661
6826.025391	-112.012077
6831.408691	-112.678108
6836.791992	-110.834251
6842.175293	-113.275139
6847.558594	-112.404854
6852.941895	-112.476822
6858.325195	-112.220901
6863.708496	-112.903511
6869.091797	-111.585007
6874.475098	-113.262161
6879.858398	-111.985130
6885.241699	-112.492279
6890.625000	-111.303558
6896.008301	-113.492271
6901.391602	-112.201813
6906.774902	-112.792389
6912.158203	-111.967880
6917.541504	-113.274437
6922.924805	-111.344208
6928.308105	-112.252411
6933.691406	-113.815559
6939.074707	-111.555687
6944.458008	-111.167610
6949.841309	-114.381798
6955.224609	-111.625679
6960.607910	-111.949104
6965.991211	-113.709106
6971.374512	-111.582413
6976.757813	-112.517479
6982.141113	-112.838791
6987.524414	-113.446121
6992.907715	-112.621788
6998.291016	-111.652161
7003.674316	-113.102318
7009.057617	-112.336601
7014.440918	-110.763924
7019.824219	-115.388153
7025.207520	-111.410866
7030.590820	-112.484177
7035.974121	-112.620422
7041.357422	-111.618095
7046.740723	-113.422966
7052.124023	-112.453117
7057.507324	-112.341240
7062.890625	-112.310806
7068.273926	-112.970612
7073.657227	-112.674400
7079.040527	-112.112083
7084.423828	-113.382561
7089.807129	-111.954765
7095.190430	-114.034081
7100.573730	-110.866814
7105.957031	-113.818947
7111.340332	-112.685745
7116.723633	-111.317345
7122.106934	-113.420357
7127.490234	-113.219704
7132.873535	-111.280457
7138.256836	-114.036430
7143.640137	-110.923294
7149.023438	-113.277039
7154.406738	-112.137215
7159.790039	-113.456268
7165.173340	-112.049522
7170.556641	-113.067451
7175.939941	-112.704590
7181.323242	-111.599495
7186.706543	-116.071663
7192.089844	-111.122307
7197.473145	-112.413101
7202.856445	-114.960770
7208.239746	-111.674423
7213.623047	-113.561096
7219.006348	-111.845367
7224.389648	-112.394791
7229.772949	-113.959579
7235.156250	-111.092361
7240.539551	-114.101120
7245.922852	-113.261635
7251.306152	-113.718132
7256.689453	-110.940727
7262.072754	-112.928032
7267.456055	-114.511017
7272.839355	-112.545158
7278.222656	-113.238266
7283.605957	-110.979889
7288.989258	-113.738594
7294.372559	-112.210838
7299.755859	-115.509827
7305.139160	-110.338020
7310.522461	-114.009727
7315.905762	-112.682678
7321.289063	-113.513466
7326.672363	-112.924080
7332.055664	-112.556557
7337.438965	-113.926430
7342.822266	-111.705765
7348.205566	-112.056419
7353.588867	-114.934799
7358.972168	-113.032471
7364.355469	-112.664864
7369.738770	-113.749802
7375.122070	-113.128014
7380.505371	-110.162659
7385.888672	-114.633186
7391.271973	-114.332420
7396.655273	-113.325027
7402.038574	-112.987839
7407.421875	-111.575417
7412.805176	-115.579765
7418.188477	-110.330048
7423.571777	-115.729431
7428.955078	-111.728668
7434.338379	-113.148582
7439.721680	-114.025139
7445.104980	-113.181976
7450.488281	-112.394356
7455.871582	-113.286766
7461.254883	-111.995850
7466.638184	-114.763283
7472.021484	-112.249969
7477.404785	-111.125511
7482.788086	-115.650398
7488.171387	-113.038635
7493.554688	-111.461189
7498.937988	-112.664711
7504.321289	-115.616127
7509.704590	-110.766060
7515.087891	-114.416100
7520.471191	-111.971619
7525.854492	-114.554588
7531.237793	-112.420639
7536.621094	-111.765175
7542.004395	-114.723404
7547.387695	-112.135902
7552.770996	-112.448753
7558.154297	-115.026764
7563.537598	-111.685875
7568.920898	-113.648262
7574.304199	-112.611252
7579.687500	-114.964386
7585.070801	-112.156616
7590.454102	-112.639320
7595.837402	-116.095100
7601.220703	-110.850632
7606.604004	-114.203087
7611.987305	-113.410271
7617.370605	-112.762238
7622.753906	-113.781624
7628.137207	-112.126488
7633.520508	-114.630264
7638.903809	-112.107506
7644.287109	-114.206459
7649.670410	-112.470726
7655.053711	-112.167984
7660.437012	-114.981735
7665.820313	-111.447121
7671.203613	-114.377464
7676.586914	-112.373688
7681.970215	-112.954918
7687.353516	-114.203400
7692.736816	-113.364502
7698.120117	-112.656555
7703.503418	-113.410721
7708.886719	-113.217545
7714.270020	-113.420097
7719.653320	-113.219841
7725.036621	-114.911858
7730.419922	-111.871750
7735.803223	-113.041847
7741.186523	-114.579132
7746.569824	-111.861923
7751.953125	-113.294067
7757.336426	-115.030243
7762.719727	-110.832840
7768.103027	-114.490807
7773.486328	-113.586975
7778.869629	-113.422028
7784.252930	-113.164978
7789.636230	-114.435028
7795.019531	-110.787666
7800.402832	-115.218971
7805.786133	-113.109177
7811.169434	-112.991585
7816.552734	-110.937195
7821.936035	-117.952888
7827.319336	-112.241989
7832.702637	-114.174919
7838.085938	-112.651001
7843.469238	-111.812019
7848.852539	-114.866188
7854.235840	-113.490044
7859.619141	-111.755722
7865.002441	-117.207458
7870.385742	-112.710922
7875.769043	-113.630188
7881.152344	-111.370865
7886.535645	-116.948303
7891.918945	-111.961853
7897.302246	-112.603745
7902.685547	-113.302711
7908.068848	-114.221764
7913.452148	-113.150528
7918.835449	-113.504852
7924.218750	-112.966125
7929.602051	-113.908524
7934.985352	-112.640373
7940.368652	-111.709404
7945.751953	-114.843872
7951.135254	-114.877533
7956.518555	-112.661026
7961.901855	-114.134987
7967.285156	-111.998787
7972.668457	-116.249374
7978.051758	-111.959656
7983.435059	-114.379684
7988.818359	-112.933388
7994.201660	-112.008377
7999.584961	-119.993164
8004.968262	-111.157860
8010.351563	-114.499809
8015.734863	-112.578865
8021.118164	-113.559258
8026.501465	-116.699867
8031.884766	-112.994553
8037.268066	-114.406479
8042.651367	-111.543404
8048.034668	-114.777451
8053.417969	-112.620781
8058.801270	-112.955978
8064.184570	-112.332184
8069.567871	-113.931046
8074.951172	-114.252541
8080.334473	-113.772415
8085.717773	-112.211403
8091.101074	-114.331505
8096.484375	-115.654831
8101.867676	-112.139198
8107.250977	-113.740715
8112.634277	-113.742836
8118.017578	-114.919388
8123.400879	-113.562759
8128.784180	-113.441658
8134.167480	-114.391739
8139.550781	-112.891487
8144.934082	-114.321075
8150.317383	-113.464783
8155.700684	-111.649834
8161.083984	-116.180099
8166.467285	-114.745674
8171.850586	-112.976616
8177.233887	-113.830025
8182.617188	-111.763062
8188.000488	-117.822258
8193.383789	-111.825623
8198.767090	-115.319824
8204.150391	-112.497513
8209.533691	-113.747765
8214.916992	-112.851067
8220.300293	-115.065041
8225.683594	-113.189743
8231.066895	-113.500885
8236.450195	-113.043991
8241.833496	-116.825294
8247.216797	-111.850334
8252.600098	-114.964973
8257.983398	-114.261322
8263.366699	-112.901077
8268.750000	-113.998497
8274.133301	-114.480797
8279.516602	-114.379448
8284.899902	-112.369934
8290.283203	-113.857941
8295.666504	-115.293892
8301.049805	-112.764244
8306.433105	-114.417290
8311.816406	-114.258919
8317.199707	-112.729401
8322.583008	-115.382553
8327.966309	-112.804718
8333.349609	-113.322090
8338.732910	-115.706329
8344.116211	-115.213341
8349.499512	-112.154221
8354.882813	-113.829330
8360.266113	-112.080070
8365.649414	-117.710045
8371.032715	-114.066521
8376.416016	-113.817352
8381.799316	-112.133087
8387.182617	-120.315506
8392.565918	-112.637665
8397.949219	-112.829285
8403.332520	-115.783340
8408.715820	-111.774315
8414.099121	-113.101776
8419.482422	-113.309158
8424.865723	-116.531517
8430.249023	-113.363869
8435.632324	-114.849197
8441.015625	-114.167000
8446.398926	-113.276131
8451.782227	-112.793251
8457.165527	-116.772331
8462.548828	-113.143295
8467.932129	-115.185219
8473.315430	-112.111687
8478.698730	-113.942657
8484.082031	-114.850075
8489.465332	-113.307716
8494.848633	-115.291153
8500.231934	-112.884247
8505.615234	-114.522591
8510.998535	-113.479576
8516.381836	-112.122627
8521.765137	-118.369202
8527.148438	-112.075783
8532.531738	-113.224342
8537.915039	-118.034981
8543.298340	-112.043037
8548.681641	-116.893867
8554.064941	-110.897995
8559.448242	-118.450981
8564.831543	-112.768486
8570.214844	-115.127464
8575.598145	-114.015678
8580.981445	-113.289368
8586.364746	-114.433952
8591.748047	-114.638771
8597.131348	-112.404495
8602.514648	-114.969284
8607.897949	-113.220016
8613.281250	-113.193947
8618.664551	-117.070862
8624.047852	-112.193924
8629.431152	-115.409157
8634.814453	-112.689896
8640.197754	-112.654900
8645.581055	-113.967255
8650.964355	-113.729805
8656.347656	-115.360016
8661.730957	-113.521362
8667.114258	-114.728394
8672.497559	-113.583687
8677.880859	-114.518135
8683.264160	-114.459259
8688.647461	-114.847595
8694.030762	-112.626808
8699.414063	-116.021980
8704.797363	-111.507225
8710.180664	-117.820061
8715.563965	-114.002541
8720.947266	-114.447762
8726.330566	-113.758957
8731.713867	-115.083282
8737.097168	-112.323509
8742.480469	-112.624779
8747.863770	-114.882843
8753.247070	-115.385284
8758.630371	-114.002457
8764.013672	-113.360603
8769.396973	-115.444893
8774.780273	-113.925179
8780.163574	-115.639717
8785.546875	-112.285927
8790.930176	-113.115814
8796.313477	-116.482460
8801.696777	-113.942543
8807.080078	-115.042885
8812.463379	-113.163200
8817.846680	-111.412018
8823.229980	-115.742104
8828.613281	-113.597885
8833.996582	-115.428696
8839.379883	-113.674545
8844.763184	-114.191887
8850.146484	-112.682724
8855.529785	-114.000664
8860.913086	-113.012878
8866.296387	-115.174095
8871.679688	-114.508583
8877.062988	-114.139450
8882.446289	-113.849968
8887.829590	-115.065132
8893.212891	-113.082130
8898.596191	-114.503830
8903.979492	-113.594597
8909.362793	-115.996269
8914.746094	-111.579208
8920.129395	-119.461761
8925.512695	-113.661530
8930.895996	-114.457916
8936.279297	-113.509956
8941.662598	-115.109398
8947.045898	-114.458992
8952.429199	-113.226204
8957.812500	-117.203171
8963.195801	-113.027031
8968.579102	-114.464943
8973.962402	-114.664505
8979.345703	-112.986191
8984.729004	-116.130096
8990.112305	-116.094650
8995.495605	-111.045975
9000.878906	-115.627319
9006.262207	-113.967270
9011.645508	-115.625626
9017.028809	-113.172844
9022.412109	-113.586311
9027.795410	-115.951881
9033.178711	-113.339302
9038.562012	-114.870468
9043.945313	-115.391106
9049.328613	-113.058678
9054.711914	-116.265160
9060.095215	-113.274300
9065.478516	-115.362213
9070.861816	-114.980537
9076.245117	-113.535248
9081.628418	-117.666611
9087.011719	-111.601936
9092.395020	-115.725471
9097.778320	-114.883926
9103.161621	-115.238663
9108.544922	-114.296089
9113.928223	-112.905449
9119.311523	-117.060501
9124.694824	-113.055626
9130.078125	-115.265175
9135.461426	-113.564125
9140.844727	-115.039536
9146.228027	-112.953407
9151.611328	-118.401215
9156.994629	-112.432343
9162.377930	-114.390404
9167.761230	-117.127014
9173.144531	-113.248062
9178.527832	-113.717560
9183.911133	-117.031273
9189.294434	-114.348984
9194.677734	-113.111565
9200.061035	-116.476913
9205.444336	-115.309563
9210.827637	-114.393311
9216.210938	-113.556335
9221.594238	-116.146919
9226.977539	-112.569946
9232.360840	-114.700462
9237.744141	-117.427811
9243.127441	-113.764977
9248.510742	-114.478683
9253.894043	-116.616684
9259.277344	-113.203972
9264.660645	-116.236839
9270.043945	-111.498146
9275.427246	-120.588692
9280.810547	-111.941841
9286.193848	-114.850151
9291.577148	-112.274002
9296.960449	-119.019279
9302.343750	-113.490074
9307.727051	-113.617538
9313.110352	-115.396111
9318.493652	-119.213409
9323.876953	-111.178749
9329.260254	-115.682564
9334.643555	-114.327271
9340.026855	-115.397484
9345.410156	-115.517792
9350.793457	-113.441673
9356.176758	-117.590538
9361.560059	-112.420433
9366.943359	-115.586395
9372.326660	-114.674042
9377.709961	-117.893021
9383.093262	-113.629005
9388.476563	-114.659286
9393.859863	-112.103096
9399.243164	-116.659645
9404.626465	-115.947273
9410.009766	-115.613167
9415.393066	-112.267670
9420.776367	-115.256546
9426.159668	-115.145699
9431.542969	-115.430527
9436.926270	-116.528122
9442.309570	-112.624146
9447.692871	-116.868431
9453.076172	-114.980537
9458.459473	-112.859505
9463.842773	-114.027733
9469.226074	-117.067627
9474.609375	-115.560280
9479.992676	-116.397408
9485.375977	-112.446236
9490.759277	-113.892715
9496.142578	-117.431892
9501.525879	-114.377083
9506.909180	-114.455330
9512.292480	-115.895966
9517.675781	-114.619766
9523.059082	-115.341095
9528.442383	-113.597382
9533.825684	-113.790215
9539.208984	-117.768532
9544.592285	-114.587303
9549.975586	-114.292664
9555.358887	-115.832741
9560.742188	-113.021942
9566.125488	-117.391617
9571.508789	-114.141998
9576.892090	-113.386024
9582.275391	-115.931496
9587.658691	-112.565376
9593.041992	-119.406662
9598.425293	-114.569901
9603.808594	-113.817299
9609.191895	-113.313461
9614.575195	-114.569702
9619.958496	-118.144753
9625.341797	-113.287788
9630.725098	-115.773682
9636.108398	-114.829529
9641.491699	-112.713715
9646.875000	-118.780205
9652.258301	-115.391220
9657.641602	-115.055840
9663.024902	-114.815704
9668.408203	-114.250473
9673.791504	-117.624748
9679.174805	-112.779068
9684.558105	-119.448921
9689.941406	-113.128014
9695.324707	-115.569603
9700.708008	-111.852730
9706.091309	-118.657570
9711.474609	-114.877182
9716.857910	-117.898483
9722.241211	-112.586670
9727.624512	-115.935364
9733.007813	-114.803040
9738.391113	-112.605316
9743.774414	-118.727707
9749.157715	-118.549370
9754.541016	-110.187645
9759.924316	-119.173836
9765.307617	-115.071342
9770.690918	-114.991707
9776.074219	-116.369827
9781.457520	-111.604851
9786.840820	-115.912292
9792.224121	-115.996468
9797.607422	-116.112640
9802.990723	-113.230064
9808.374023	-121.965408
9813.757324	-112.092468
9819.140625	-116.482780
9824.523926	-113.585777
9829.907227	-115.155434
9835.290527	-115.199135
9840.673828	-114.514465
9846.057129	-113.940292
9851.440430	-116.456070
9856.823730	-116.821999
9862.207031	-114.726868
9867.590332	-115.235046
9872.973633	-115.665733
9878.356934	-112.794189
9883.740234	-119.607063
9889.123535	-113.056389
9894.506836	-114.453499
9899.890137	-118.175896
9905.273438	-112.661148
9910.656738	-114.068314
9916.040039	-115.448883
9921.423340	-113.112633
9926.806641	-117.587280
9932.189941	-114.686165
9937.573242	-115.244286
9942.956543	-116.762352
9948.339844	-114.694847
9953.723145	-113.265221
9959.106445	-117.445625
9964.489746	-113.898674
9969.873047	-114.703201
9975.256348	-112.533463
9980.639648	-115.425072
9986.022949	-114.683922
9991.406250	-125.620201
9996.789551	-109.993126
10002.172852	-116.509834
10007.556152	-120.410858
10012.939453	-114.359749
10018.322754	-111.444008
10023.706055	-118.758484
10029.089355	-114.154472
10034.472656	-118.922195
10039.855957	-114.746368
10045.239258	-113.421600
10050.622559	-115.729889
10056.005859	-114.833450
10061.389160	-115.108551
10066.772461	-115.409355
10072.155762	-117.135963
10077.539063	-113.044212
10082.922363	-118.528473
10088.305664	-112.403801
10093.688965	-119.763832
10099.072266	-112.512642
10104.455566	-119.752762
10109.838867	-113.476379
10115.222168	-113.742065
10120.605469	-119.613434
10125.988770	-112.981468
10131.372070	-114.559219
10136.755371	-118.783646
10142.138672	-112.440948
10147.521973	-119.755699
10152.905273	-113.819511
10158.288574	-117.133331
10163.671875	-112.670677
10169.055176	-117.981079
10174.438477	-114.210335
10179.821777	-116.740936
10185.205078	-113.527344
10190.588379	-118.662704
10195.971680	-114.018799
10201.354980	-116.785416
10206.738281	-114.907394
10212.121582	-113.504517
10217.504883	-114.243973
10222.888184	-119.227234
10228.271484	-113.059586
10233.654785	-116.173279
10239.038086	-117.612961
10244.421387	-114.651535
10249.804688	-114.057487
10255.187988	-116.994522
10260.571289	-114.773270
10265.954590	-115.490616
10271.337891	-117.170692
10276.721191	-113.787407
10282.104492	-115.876503
10287.487793	-115.941994
10292.871094	-117.118828
10298.254395	-112.800377
10303.637695	-116.198296
10309.020996	-115.494568
10314.404297	-115.687080
10319.787598	-112.828110
10325.170898	-116.790543
10330.554199	-114.334816
10335.937500	-118.513321
10341.320801	-113.943626
10346.704102	-113.311211
10352.087402	-121.380333
10357.470703	-113.639938
10362.854004	-114.789291
10368.237305	-117.927551
10373.620605	-114.001923
10379.003906	-117.723701
10384.387207	-113.104164
10389.770508	-114.720924
10395.153809	-115.876381
10400.537109	-113.500710
10405.920410	-116.773674
10411.303711	-116.700142
10416.687012	-112.640244
10422.070313	-115.702652
10427.453613	-118.057716
10432.836914	-113.543633
10438.220215	-115.725044
10443.603516	-114.098183
10448.986816	-120.764931
10454.370117	-113.372475
10459.753418	-114.403625
10465.136719	-122.242630
10470.520020	-113.364464
10475.903320	-117.618622
10481.286621	-115.558136
10486.669922	-113.814041
10492.053223	-118.301842
10497.436523	-114.223618
10502.819824	-115.122238
10508.203125	-117.141365
10513.586426	-113.457054
10518.969727	-118.661156
10524.353027	-115.929329
10529.736328	-114.057449
10535.119629	-114.573479
10540.502930	-122.939583
10545.886230	-112.577209
10551.269531	-117.328613
10556.652832	-113.819786
10562.036133	-116.365044
10567.419434	-114.231926
10572.802734	-117.736320
10578.186035	-116.357620
10583.569336	-114.925995
10588.952637	-115.214569
10594.335938	-116.966492
10599.719238	-116.145195
10605.102539	-114.844185
10610.485840	-115.277222
10615.869141	-116.558716
10621.252441	-114.115013
10626.635742	-115.505325
10632.019043	-118.344528
10637.402344	-113.758011
10642.785645	-115.072777
10648.168945	-114.524948
10653.552246	-119.633919
10658.935547	-115.486511
10664.318848	-115.348351
10669.702148	-114.761276
10675.085449	-116.389465
10680.468750	-112.076202
10685.852051	-119.136269
10691.235352	-114.456436
10696.618652	-117.224655
10702.001953	-114.041832
10707.385254	-115.367271
10712.768555	-117.761497
10718.151855	-114.780151
10723.535156	-115.433578
10728.918457	-116.795570
10734.301758	-116.889267
10739.685059	-115.017921
10745.068359	-117.229393
10750.451660	-113.208130
10755.834961	-117.467056
10761.218262	-114.866394
10766.601563	-115.213821
10771.984863	-115.479065
10777.368164	-117.845474
10782.751465	-114.351974
10788.134766	-116.219040
10793.518066	-116.234734
10798.901367	-115.817993
10804.284668	-115.169785
10809.667969	-116.700096
10815.051270	-114.026680
10820.434570	-118.664154
10825.817871	-114.008514
10831.201172	-118.981468
10836.584473	-113.565720
10841.967773	-116.311760
10847.351074	-117.838135
10852.734375	-114.121857
10858.117676	-115.452805
10863.500977	-118.642281
10868.884277	-113.632492
10874.267578	-115.628990
10879.650879	-119.279335
10885.034180	-113.670387
10890.417480	-117.219612
10895.800781	-114.279137
10901.184082	-116.915565
10906.567383	-118.219933
10911.950684	-113.795692
10917.333984	-117.039200
10922.717285	-115.977257
10928.100586	-113.788605
10933.483887	-118.652298
10938.867188	-114.785995
10944.250488	-116.716621
10949.633789	-113.683296
10955.017090	-117.198578
10960.400391	-116.818359
10965.783691	-114.706009
10971.166992	-114.683609
10976.550293	-114.430298
10981.933594	-114.756546
10987.316895	-118.460960
10992.700195	-115.091347
10998.083496	-115.673828
11003.466797	-115.499031
11008.850098	-117.185020
11014.233398	-118.642319
11019.616699	-112.198265
11025.000000	-119.417130
11030.383301	-116.415466
11035.766602	-114.842949
11041.149902	-114.354134
11046.533203	-118.320831
11051.916504	-117.176346
11057.299805	-112.825127
11062.683105	-117.716042
11068.066406	-115.065758
11073.449707	-116.943825
11078.833008	-116.721809
11084.216309	-117.002098
11089.599609	-114.146179
11094.982910	-115.917305
11100.366211	-116.666420
11105.749512	-114.450500
11111.132813	-118.211197
11116.516113	-113.924469
11121.899414	-119.387917
11127.282715	-114.948624
11132.666016	-113.589462
11138.049316	-118.526749
11143.432617	-116.295990
11148.815918	-115.333565
11154.199219	-115.192551
11159.582520	-115.748718
11164.965820	-116.066887
11170.349121	-117.641609
11175.732422	-116.246567
11181.115723	-115.677368
11186.499023	-116.113518
11191.882324	-115.857727
11197.265625	-115.059677
11202.648926	-115.830063
11208.032227	-117.158531
11213.415527	-116.474373
11218.798828	-115.648186
11224.182129	-119.699440
11229.565430	-113.471588
11234.948730	-117.590195
11240.332031	-114.887794
11245.715332	-118.603577
11251.098633	-113.748566
11256.481934	-116.485229
11261.865234	-116.137039
11267.248535	-116.865639
11272.631836	-116.052177
11278.015137	-117.367516
11283.398438	-114.416641
11288.781738	-116.992218
11294.165039	-115.940254
11299.548340	-117.856972
11304.931641	-113.444916
11310.314941	-119.556259
11315.698242	-114.488663
11321.081543	-116.620888
11326.464844	-115.095993
11331.848145	-118.232986
11337.231445	-113.412079
11342.614746	-119.029137
11347.998047	-113.677505
11353.381348	-116.787560
11358.764648	-118.423805
11364.147949	-113.733322
11369.531250	-117.921875
11374.914551	-115.991043
11380.297852	-115.275749
11385.681152	-115.270958
11391.064453	-117.339211
11396.447754	-117.244926
11401.831055	-114.451790
11407.214355	-116.378090
11412.597656	-116.987808
11417.980957	-117.085159
11423.364258	-116.815659
11428.747559	-114.626976
11434.130859	-114.959290
11439.514160	-116.351997
11444.897461	-115.563858
11450.280762	-116.844635
11455.664063	-117.571991
11461.047363	-113.789169
11466.430664	-116.567062
11471.813965	-116.643890
11477.197266	-116.162231
11482.580566	-118.878746
11487.963867	-113.582199
11493.347168	-116.935242
11498.730469	-118.369667
11504.113770	-116.112473
11509.497070	-115.054771
11514.880371	-115.808647
11520.263672	-117.811378
11525.646973	-115.673195
11531.030273	-115.013695
11536.413574	-118.757423
11541.796875	-113.653076
11547.180176	-118.411385
11552.563477	-116.146492
11557.946777	-116.418015
11563.330078	-116.006706
11568.713379	-116.040665
11574.096680	-116.435097
11579.479980	-113.702721
11584.863281	-119.645226
11590.246582	-116.541580
11595.629883	-115.205544
11601.013184	-117.321426
11606.396484	-116.631630
11611.779785	-115.799576
11617.163086	-116.199509
11622.546387	-118.580902
11627.929688	-115.187660
11633.312988	-115.722328
11638.696289	-119.158302
11644.079590	-115.044937
11649.462891	-116.788940
11654.846191	-116.190514
11660.229492	-117.918373
11665.612793	-115.577759
11670.996094	-116.323921
11676.379395	-116.582245
11681.762695	-116.389503
11687.145996	-116.433647
11692.529297	-114.478004
11697.912598	-119.265526
11703.295898	-114.999084
11708.679199	-119.297546
11714.062500	-114.467094
11719.445801	-118.436996
11724.829102	-113.649765
11730.212402	-119.802994
11735.595703	-115.912102
11740.979004	-115.840248
11746.362305	-118.176048
11751.745605	-113.416656
11757.128906	-120.222275
11762.512207	-115.905022
11767.895508	-114.266983
11773.278809	-123.171761
11778.662109	-114.410492
11784.045410	-117.678177
11789.428711	-115.157524
11794.812012	-116.022186
11800.195313	-118.507347
11805.578613	-114.839035
11810.961914	-117.715248
11816.345215	-115.483894
11821.728516	-116.698341
11827.111816	-115.934906
11832.495117	-117.201630
11837.878418	-116.924072
11843.261719	-116.925240
11848.645020	-116.238472
11854.028320	-116.715317
11859.411621	-117.952087
11864.794922	-114.716866
11870.178223	-119.000259
11875.561523	-115.341393
11880.944824	-117.362244
11886.328125	-115.940605
11891.711426	-115.516319
11897.094727	-118.086220
11902.478027	-115.146606
11907.861328	-117.207306
11913.244629	-117.119751
11918.627930	-118.210304
11924.011230	-114.420959
11929.394531	-117.006905
11934.777832	-116.569138
11940.161133	-117.807983
11945.544434	-116.181389
11950.927734	-116.580070
11956.311035	-116.072792
11961.694336	-116.362938
11967.077637	-117.556763
11972.460938	-115.184990
11977.844238	-116.432777
11983.227539	-118.644371
11988.610840	-115.505516
11993.994141	-115.846169
11999.377441	-118.858597
12004.760742	-116.467064
12010.144043	-115.955109
12015.527344	-117.578049
12020.910645	-115.548965
12026.293945	-116.697815
12031.677246	-116.787941
12037.060547	-117.704613
12042.443848	-115.709557
12047.827148	-117.331161
12053.210449	-116.621231
12058.593750	-116.195587
12063.977051	-116.457260
12069.360352	-117.518097
12074.743652	-116.300171
12080.126953	-116.519569
12085.510254	-116.260475
12090.893555	-117.016937
12096.276855	-116.939560
12101.660156	-116.486649
12107.043457	-116.338707
12112.426758	-118.084328
12117.810059	-115.613754
12123.193359	-117.192116
12128.576660	-117.050812
12133.959961	-115.727486
12139.343262	-117.382095
12144.726563	-115.780525
12150.109863	-118.029190
12155.493164	-115.668991
12160.876465	-117.543648
12166.259766	-116.380493
12171.643066	-117.962746
12177.026367	-115.880783
12182.409668	-116.807388
12187.792969	-117.379784
12193.176270	-115.350616
12198.559570	-117.970627
12203.942871	-117.378929
12209.326172	-115.987526
12214.709473	-116.464493
12220.092773	-118.172615
12225.476074	-116.142517
12230.859375	-117.104836
12236.242676	-116.346474
12241.625977	-115.581627
12247.009277	-119.463699
12252.392578	-115.620239
12257.775879	-116.656334
12263.159180	-117.680931
12268.542480	-115.413597
12273.925781	-117.791420
12279.309082	-115.811707
12284.692383	-119.615059
12290.075684	-115.321175
12295.458984	-117.231674
12300.842285	-117.215942
12306.225586	-117.168388
12311.608887	-115.708763
12316.992188	-118.766335
12322.375488	-115.759323
12327.758789	-117.640533
12333.142090	-115.866470
12338.525391	-116.601738
12343.908691	-117.017036
12349.291992	-117.065422
12354.675293	-116.583549
12360.058594	-116.805466
12365.441895	-117.127419
12370.825195	-117.939262
12376.208496	-115.359146
12381.591797	-118.648933
12386.975098	-114.907005
12392.358398	-118.859924
12397.741699	-117.039810
12403.125000	-117.928543
12408.508301	-114.956833
12413.891602	-117.602379
12419.274902	-117.127930
12424.658203	-116.991653
12430.041504	-115.037430
12435.424805	-120.795082
12440.808105	-114.970505
12446.191406	-116.888466
12451.574707	-118.349792
12456.958008	-116.454643
12462.341309	-115.894112
12467.724609	-117.455986
12473.107910	-117.348267
12478.491211	-116.212044
12483.874512	-117.591476
12489.257813	-116.860352
12494.641113	-116.345200
12500.024414	-117.565201
12505.407715	-117.303207
12510.791016	-116.943329
12516.174316	-116.093559
12521.557617	-118.184532
12526.940918	-116.880974
12532.324219	-116.798096
12537.707520	-115.583313
12543.090820	-118.937370
12548.474121	-115.146324
12553.857422	-118.446953
12559.240723	-118.079865
12564.624023	-115.139160
12570.007324	-118.036446
12575.390625	-116.575081
12580.773926	-117.174301
12586.157227	-116.579880
12591.540527	-116.313087
12596.923828	-117.505882
12602.307129	-117.814491
12607.690430	-115.831085
12613.073730	-119.733871
12618.457031	-115.201958
12623.840332	-116.690308
12629.223633	-116.749939
12634.606934	-117.933762
12639.990234	-116.058647
12645.373535	-117.170334
12650.756836	-116.798904
12656.140137	-117.575005
12661.523438	-116.064339
12666.906738	-118.101837
12672.290039	-116.257637
12677.673340	-117.644188
12683.056641	-116.561165
12688.439941	-117.738770
12693.823242	-115.775627
12699.206543	-117.405205
12704.589844	-116.890465
12709.973145	-117.265015
12715.356445	-117.139191
12720.739746	-117.854393
12726.123047	-115.165100
12731.506348	-117.715210
12736.889648	-119.066559
12742.272949	-115.565666
12747.656250	-118.259018
12753.039551	-116.003098
12758.422852	-116.198654
12763.806152	-117.694580
12769.189453	-117.337944
12774.572754	-117.860390
12779.956055	-114.949776
12785.339355	-118.636963
12790.722656	-118.631233
12796.105957	-114.765030
12801.489258	-117.833183
12806.872559	-118.635620
12812.255859	-115.170441
12817.639160	-118.935158
12823.022461	-116.915604
12828.405762	-116.527397
12833.789063	-116.912239
12839.172363	-117.407753
12844.555664	-117.421288
12849.938965	-117.398666
12855.322266	-116.121674
12860.705566	-119.238716
12866.088867	-116.031059
12871.472168	-115.933975
12876.855469	-120.086250
12882.238770	-117.008766
12887.622070	-117.240059
12893.005371	-116.473373
12898.388672	-116.587914
12903.771973	-117.364365
12909.155273	-117.305435
12914.538574	-116.903519
12919.921875	-117.887543
12925.305176	-118.181786
12930.688477	-116.466103
12936.071777	-117.266602
12941.455078	-116.326363
12946.838379	-116.711334
12952.221680	-118.892601
12957.604980	-117.733948
12962.988281	-115.481583
12968.371582	-117.000038
12973.754883	-118.478813
12979.138184	-116.850121
12984.521484	-115.799385
12989.904785	-118.424324
12995.288086	-117.679398
13000.671387	-115.660187
13006.054688	-116.592430
13011.437988	-116.781548
13016.821289	-115.277176
13022.204590	-118.478249
13027.587891	-118.352341
13032.971191	-115.454994
13038.354492	-118.140938
13043.737793	-117.824989
13049.121094	-116.017998
13054.504395	-117.411385
13059.887695	-118.337448
13065.270996	-116.277809
13070.654297	-116.079781
13076.037598	-118.742058
13081.420898	-116.675598
13086.804199	-116.278099
13092.187500	-117.295692
13097.570801	-118.707512
13102.954102	-114.928055
13108.337402	-118.246094
13113.720703	-118.726181
13119.104004	-114.783974
13124.487305	-123.930962
13129.870605	-113.561203
13135.253906	-119.562187
13140.637207	-115.298569
13146.020508	-117.662544
13151.403809	-118.142540
13156.787109	-114.882050
13162.170410	-119.855194
13167.553711	-114.174294
13172.937012	-120.059837
13178.320313	-116.416801
13183.703613	-117.672783
13189.086914	-117.044899
13194.470215	-117.638458
13199.853516	-114.469246
13205.236816	-119.904770
13210.620117	-115.209557
13216.003418	-117.104294
13221.386719	-118.439224
13226.770020	-116.073288
13232.153320	-115.961029
13237.536621	-117.308487
13242.919922	-120.288864
13248.303223	-116.151657
13253.686523	-115.362968
13259.069824	-120.654976
13264.453125	-117.309517
13269.836426	-114.627365
13275.219727	-115.476845
13280.603027	-119.235481
13285.986328	-117.879768
13291.369629	-116.853722
13296.752930	-115.041939
13302.136230	-117.873604
13307.519531	-118.128174
13312.902832	-117.862549
13318.286133	-116.894432
13323.669434	-115.787308
13329.052734	-116.256088
13334.436035	-117.647568
13339.819336	-116.206047
13345.202637	-118.179802
13350.585938	-116.621811
13355.969238	-116.409927
13361.352539	-116.027206
13366.735840	-118.270569
13372.119141	-115.922409
13377.502441	-126.082474
13382.885742	-112.519318
13388.269043	-118.025032
13393.652344	-119.333969
13399.035645	-115.522209
13404.418945	-118.594131
13409.802246	-116.228729
13415.185547	-119.163330
13420.568848	-119.440582
13425.952148	-113.708595
13431.335449	-119.830132
13436.718750	-115.478851
13442.102051	-117.227959
13447.485352	-116.270241
13452.868652	-119.628952
13458.251953	-114.422745
13463.635254	-120.559448
13469.018555	-114.683952
13474.401855	-117.352913
13479.785156	-116.510628
13485.168457	-118.911644
13490.551758	-115.070374
13495.935059	-118.099930
13501.318359	-116.767601
13506.701660	-113.632446
13512.084961	-124.600174
13517.468262	-114.794807
13522.851563	-116.912865
13528.234863	-121.819901
13533.618164	-112.652260
13539.001465	-120.285400
13544.384766	-114.812996
13549.768066	-116.455124
13555.151367	-126.004799
13560.534668	-114.478951
13565.917969	-115.388268
13571.301270	-118.084335
13576.684570	-116.384193
13582.067871	-120.474709
13587.451172	-114.135345
13592.834473	-119.376038
13598.217773	-118.199371
13603.601074	-114.782509
13608.984375	-119.723808
13614.367676	-114.106178
13619.750977	-120.232849
13625.134277	-116.714363
13630.517578	-113.660393
13635.900879	-119.585762
13641.284180	-126.022148
13646.667480	-113.315437
13652.050781	-117.121506
13657.434082	-120.236610
13662.817383	-115.750298
13668.200684	-115.129692
13673.583984	-117.914978
13678.967285	-115.118546
13684.350586	-117.913589
13689.733887	-121.986977
13695.117188	-113.327271
13700.500488	-121.703087
13705.883789	-116.521858
13711.267090	-115.378792
13716.650391	-116.316620
13722.033691	-123.493835
13727.416992	-114.841148
13732.800293	-117.496696
13738.183594	-114.608650
13743.566895	-129.187881
13748.950195	-112.560646
13754.333496	-121.738441
13759.716797	-116.298965
13765.100098	-113.902145
13770.483398	-129.562164
13775.866699	-112.028046
13781.250000	-124.866959
13786.633301	-116.701515
13792.016602	-118.667198
13797.399902	-114.462021
13802.783203	-118.478203
13808.166504	-112.496063
13813.549805	-118.035904
13818.933105	-120.899986
13824.316406	-114.539268
13829.699707	-116.986832
13835.083008	-118.053955
13840.466309	-116.981453
13845.849609	-114.135307
13851.232910	-123.082886
13856.616211	-117.744446
13861.999512	-116.189049
13867.382813	-119.218018
13872.766113	-114.100746
13878.149414	-123.770729
13883.532715	-115.534309
13888.916016	-121.246246
13894.299316	-113.389366
13899.682617	-116.038216
13905.065918	-120.764809
13910.449219	-118.568489
13915.832520	-122.009560
13921.215820	-115.447021
13926.599121	-114.906616
13931.982422	-121.168144
13937.365723	-118.002571
13942.749023	-115.617622
13948.132324	-116.137733
13953.515625	-114.673630
13958.898926	-122.310814
13964.282227	-116.433716
13969.665527	-116.142700
13975.048828	-122.053246
13980.432129	-110.930275
13985.815430	-125.638588
13991.198730	-118.630684
13996.582031	-113.161858
14001.965332	-124.755508
14007.348633	-113.806976
14012.731934	-118.468987
14018.115234	-116.392853
14023.498535	-123.327217
14028.881836	-112.736397
14034.265137	-121.383812
14039.648438	-114.197281
14045.031738	-118.319489
14050.415039	-117.186188
14055.798340	-116.172058
14061.181641	-121.144707
14066.564941	-117.099686
14071.948242	-123.906296
14077.331543	-112.556717
14082.714844	-115.538315
14088.098145	-120.485489
14093.481445	-114.118401
14098.864746	-118.897964
14104.248047	-118.274666
14109.631348	-115.441742
14115.014648	-123.319534
14120.397949	-114.749954
14125.781250	-117.502449
14131.164551	-111.963509
14136.547852	-126.398911
14141.931152	-112.036217
14147.314453	-115.309662
14152.697754	-128.440994
14158.081055	-114.762459
14163.464355	-116.847992
14168.847656	-116.734169
14174.230957	-120.422386
14179.614258	-109.728111
14184.997559	-123.623108
14190.380859	-114.914246
14195.764160	-112.043083
14201.147461	-116.174667
14206.530762	-111.930336
14211.914063	-122.442772
14217.297363	-116.660591
14222.680664	-112.598495
14228.063965	-120.301323
14233.447266	-115.842751
14238.830566	-114.717278
14244.213867	-117.245758
14249.597168	-115.839378
14254.980469	-116.974854
14260.363770	-121.929268
14265.747070	-113.057747
14271.130371	-116.924934
14276.513672	-121.790047
14281.896973	-117.670204
14287.280273	-118.861771
14292.663574	-115.110641
14298.046875	-111.869377
14303.430176	-128.900330
14308.813477	-115.837753
14314.196777	-118.430573
14319.580078	-113.798508
14324.963379	-117.787437
14330.346680	-116.375130
14335.729980	-115.393089
14341.113281	-115.763260
14346.496582	-119.167976
14351.879883	-120.215096
14357.263184	-117.064255
14362.646484	-113.986824
14368.029785	-119.157249
14373.413086	-116.774506
14378.796387	-116.893173
14384.179688	-123.513496
14389.562988	-116.294395
14394.946289	-123.653008
14400.329590	-111.814415
14405.712891	-131.386429
14411.096191	-111.703522
14416.479492	-122.685097
14421.862793	-132.795883
14427.246094	-111.155334
14432.629395	-123.390717
14438.012695	-117.492264
14443.395996	-116.052559
14448.779297	-113.192223
14454.162598	-115.871819
14459.545898	-118.121948
14464.929199	-114.522598
14470.312500	-119.847710
14475.695801	-110.793884
14481.079102	-114.753403
14486.462402	-111.529373
14491.845703	-117.627892
14497.229004	-120.042343
14502.612305	-114.068047
14507.995605	-118.360596
14513.378906	-119.961334
14518.762207	-113.461189
14524.145508	-116.273026
14529.528809	-113.504562
14534.912109	-113.292671
14540.295410	-123.161018
14545.678711	-110.582703
14551.062012	-117.163994
14556.445313	-120.368019
14561.828613	-113.340935
14567.211914	-135.975540
14572.595215	-115.319565
14577.978516	-113.555519
14583.361816	-116.606522
14588.745117	-125.814369
14594.128418	-126.414566
14599.511719	-111.010475
14604.895020	-118.134056
14610.278320	-113.703712
14615.661621	-114.752380
14621.044922	-115.894386
14626.428223	-113.256432
14631.811523	-123.310089
14637.194824	-110.385643
14642.578125	-120.457848
14647.961426	-112.898384
14653.344727	-112.488182
14658.728027	-122.510139
14664.111328	-116.013199
14669.494629	-116.231956
14674.877930	-117.724915
14680.261230	-121.709656
14685.644531	-115.374748
14691.027832	-116.142693
14696.411133	-116.493813
14701.794434	-117.702171
14707.177734	-113.705093
14712.561035	-120.030205
14717.944336	-113.864037
14723.327637	-124.336182
14728.710938	-109.420975
14734.094238	-121.395355
14739.477539	-127.552696
14744.860840	-111.737343
14750.244141	-113.916031
14755.627441	-127.743782
14761.010742	-112.442924
14766.394043	-120.370323
14771.777344	-111.664917
14777.160645	-117.622581
14782.543945	-116.105942
14787.927246	-116.888023
14793.310547	-118.496155
14798.693848	-112.334114
14804.077148	-127.143623
14809.460449	-115.950935
14814.843750	-110.422585
14820.227051	-121.292130
14825.610352	-111.656265
14830.993652	-110.288948
14836.376953	-117.941879
14841.760254	-111.201172
14847.143555	-113.881149
14852.526855	-118.394020
14857.910156	-111.409729
14863.293457	-118.015877
14868.676758	-112.956268
14874.060059	-111.495285
14879.443359	-112.998138
14884.826660	-112.266907
14890.209961	-126.220947
14895.593262	-114.516251
14900.976563	-111.922089
14906.359863	-119.253761
14911.743164	-117.804832
14917.126465	-111.979347
14922.509766	-117.331642
14927.893066	-118.568077
14933.276367	-115.749817
14938.659668	-114.156532
14944.042969	-116.911896
14949.426270	-118.590996
14954.809570	-115.786156
14960.192871	-114.291550
14965.576172	-122.070717
14970.959473	-120.679657
14976.342773	-112.396584
14981.726074	-118.076424
14987.109375	-114.658279
14992.492676	-118.238167
14997.875977	-120.982910
15003.259277	-115.657837
15008.642578	-114.568565
15014.025879	-113.566338
15019.409180	-114.371078
15024.792480	-112.197784
15030.175781	-117.175934
15035.559082	-123.004539
15040.942383	-114.718658
15046.325684	-117.157005
15051.708984	-118.494911
15057.092285	-115.016541
15062.475586	-116.561623
15067.858887	-114.124130
15073.242188	-110.334793
15078.625488	-109.077278
15084.008789	-121.143349
15089.392090	-118.036270
15094.775391	-114.566765
15100.158691	-113.384117
15105.541992	-120.237129
15110.925293	-115.790825
15116.308594	-115.657349
15121.691895	-113.848175
15127.075195	-111.377777
15132.458496	-130.281921
15137.841797	-109.694374
15143.225098	-114.774269
15148.608398	-110.500801
15153.991699	-122.861832
15159.375000	-112.981796
15164.758301	-114.438950
15170.141602	-118.182869
15175.524902	-118.870506
15180.908203	-110.067474
15186.291504	-125.476608
15191.674805	-109.123787
15197.058105	-116.726974
15202.441406	-112.256805
15207.824707	-116.973854
15213.208008	-111.309586
15218.591309	-113.035522
15223.974609	-112.077705
15229.357910	-115.873993
15234.741211	-110.881203
15240.124512	-112.390129
15245.507813	-119.996422
15250.891113	-121.312988
15256.274414	-112.089378
15261.657715	-120.064667
15267.041016	-116.997353
15272.424316	-119.963593
15277.807617	-109.400536
15283.190918	-114.045921
15288.574219	-118.389565
15293.957520	-122.028061
15299.340820	-113.850243
15304.724121	-121.055733
15310.107422	-118.199142
15315.490723	-122.454720
15320.874023	-112.090187
15326.257324	-112.638519
15331.640625	-112.256493
15337.023926	-111.535477
15342.407227	-118.574989
15347.790527	-134.112167
15353.173828	-109.036369
15358.557129	-115.652992
15363.940430	-105.842155
15369.323730	-113.095299
15374.707031	-118.572411
15380.090332	-115.387741
15385.473633	-131.391937
15390.856934	-110.595154
15396.240234	-123.081711
15401.623535	-108.013626
15407.006836	-110.609428
15412.390137	-108.211372
15417.773438	-112.920563
15423.156738	-116.395538
15428.540039	-111.369919
15433.923340	-113.952164
15439.306641	-114.827950
15444.689941	-112.109238
15450.073242	-112.993980
15455.456543	-115.868393
15460.839844	-109.714111
15466.223145	-115.528252
15471.606445	-112.755890
15476.989746	-118.393692
15482.373047	-120.929085
15487.756348	-112.738510
15493.139648	-114.129379
15498.522949	-114.820480
15503.906250	-113.964951
15509.289551	-125.478378
15514.672852	-107.649147
15520.056152	-118.041901
15525.439453	-119.244652
15530.822754	-120.944359
15536.206055	-110.789589
15541.589355	-110.503769
15546.972656	-130.832504
15552.355957	-122.081161
15557.739258	-114.418144
15563.122559	-113.769402
15568.505859	-119.309105
15573.889160	-113.002991
15579.272461	-124.064651
15584.655762	-118.408943
15590.039063	-117.689796
15595.422363	-112.129974
15600.805664	-120.633881
15606.188965	-114.206665
15611.572266	-108.969643
15616.955566	-116.776329
15622.338867	-110.782211
15627.722168	-126.464233
15633.105469	-117.937935
15638.488770	-111.128365
15643.872070	-123.085869
15649.255371	-116.728508
15654.638672	-117.979286
15660.021973	-110.877708
15665.405273	-115.183823
15670.788574	-113.425095
15676.171875	-125.209831
15681.555176	-114.129143
15686.938477	-116.507668
15692.321777	-123.839340
15697.705078	-108.800110
15703.088379	-114.598808
15708.471680	-110.380798
15713.854980	-118.266754
15719.238281	-120.489250
15724.621582	-111.759193
15730.004883	-115.007111
15735.388184	-106.553696
15740.771484	-114.904167
15746.154785	-113.155991
15751.538086	-117.770088
15756.921387	-116.136688
15762.304688	-114.160362
15767.687988	-107.590622
15773.071289	-118.773239
15778.454590	-112.028511
15783.837891	-121.541168
15789.221191	-119.726028
15794.604492	-113.447533
15799.987793	-114.530663
15805.371094	-122.763939
15810.754395	-141.855560
15816.137695	-106.564415
15821.520996	-109.902878
15826.904297	-104.444595
15832.287598	-111.882240
15837.670898	-113.391373
15843.054199	-111.883217
15848.437500	-111.052567
15853.820801	-123.372879
15859.204102	-113.354500
15864.587402	-112.592430
15869.970703	-118.969833
15875.354004	-115.147957
15880.737305	-111.159813
15886.120605	-121.348663
15891.503906	-108.526581
15896.887207	-120.579453
15902.270508	-119.515213
15907.653809	-113.447594
15913.037109	-128.641830
15918.420410	-121.017952
15923.803711	-111.326553
15929.187012	-124.794609
15934.570313	-111.897964
15939.953613	-122.591873
15945.336914	-112.112053
15950.720215	-111.425957
15956.103516	-109.464569
15961.486816	-119.105972
15966.870117	-112.525520
15972.253418	-115.116325
15977.636719	-113.626488
15983.020020	-110.678650
15988.403320	-113.009201
15993.786621	-118.456322
15999.169922	-117.549179
16004.553223	-105.461731
16009.936523	-112.829010
16015.319824	-110.378647
16020.703125	-114.730049
16026.086426	-118.007339
16031.469727	-115.457718
16036.853027	-119.866516
16042.236328	-113.370117
16047.619629	-112.327705
16053.002930	-109.183266
16058.386230	-107.989853
16063.769531	-114.899628
16069.152832	-119.970146
16074.536133	-117.379578
16079.919434	-108.609535
16085.302734	-116.617569
16090.686035	-117.186058
16096.069336	-109.495193
16101.452637	-116.826912
16106.835938	-109.523705
16112.219238	-118.031372
16117.602539	-115.337463
16122.985840	-112.194992
16128.369141	-108.276352
16133.752441	-116.197861
16139.135742	-118.268188
16144.519043	-116.121887
16149.902344	-112.782555
16155.285645	-127.703316
16160.668945	-112.554070
16166.052246	-108.326019
16171.435547	-111.546570
16176.818848	-116.724525
16182.202148	-124.640541
16187.585449	-114.950188
16192.968750	-110.337372
16198.352051	-113.145424
16203.735352	-110.638840
16209.118652	-108.032402
16214.501953	-111.856483
16219.885254	-116.421600
16225.268555	-110.342369
16230.651855	-110.915024
16236.035156	-121.848465
16241.418457	-118.575806
16246.801758	-116.287109
16252.185059	-112.972198
16257.568359	-110.682465
16262.951660	-113.487213
16268.334961	-109.300591
16273.718262	-112.747200
16279.101563	-118.667534
16284.484863	-109.035240
16289.868164	-113.407722
16295.251465	-111.267052
16300.634766	-106.171028
16306.018066	-111.276642
16311.401367	-115.262238
16316.784668	-120.389252
16322.167969	-105.336731
16327.551270	-111.944939
16332.934570	-118.458199
16338.317871	-110.234673
16343.701172	-114.838409
16349.084473	-108.905792
16354.467773	-116.816673
16359.851074	-119.461113
16365.234375	-113.131706
16370.617676	-112.183708
16376.000977	-122.777748
16381.384277	-111.733986
16386.767578	-124.535355
16392.150879	-110.455505
16397.534180	-112.559387
16402.917480	-112.824852
16408.300781	-132.709808
16413.684082	-116.948639
16419.067383	-110.777016
16424.450684	-111.923470
16429.833984	-111.306839
16435.217285	-111.199211
16440.600586	-115.872986
16445.983887	-111.910583
16451.367188	-109.573639
16456.750488	-107.573471
16462.133789	-114.733131
16467.517090	-106.837021
16472.900391	-109.929520
16478.283691	-110.747375
16483.666992	-106.997986
16489.050293	-106.223450
16494.433594	-114.416229
16499.816895	-119.456223
16505.200195	-118.135437
16510.583496	-106.238312
16515.966797	-118.170181
16521.350098	-108.045639
16526.733398	-110.358292
16532.116699	-105.371521
16537.500000	-119.445824
16542.883301	-118.064758
16548.266602	-112.002831
16553.649902	-116.802910
16559.033203	-116.096962
16564.416504	-119.707405
16569.799805	-110.842743
16575.183105	-109.526810
16580.566406	-109.207443
16585.949707	-109.931862
16591.333008	-111.298286
16596.716309	-112.807755
16602.099609	-111.415192
16607.482910	-124.760590
16612.866211	-117.355171
16618.249512	-115.235840
16623.632813	-111.604782
16629.016113	-121.913261
16634.399414	-114.391617
16639.782715	-110.610092
16645.166016	-110.622803
16650.549316	-120.071693
16655.932617	-118.911819
16661.315918	-107.328438
16666.699219	-122.713943
16672.082520	-110.361000
16677.465820	-113.266937
16682.849121	-132.113098
16688.232422	-110.700798
16693.615723	-104.888611
16698.999023	-107.817406
16704.382324	-111.283043
16709.765625	-108.161751
16715.148926	-116.719131
16720.532227	-130.223816
16725.915527	-111.459900
16731.298828	-118.301102
16736.682129	-111.451729
16742.065430	-123.011833
16747.448730	-107.058823
16752.832031	-109.467590
16758.215332	-108.909073
16763.598633	-119.647179
16768.981934	-113.316238
16774.365234	-121.775360
16779.748535	-124.613434
16785.131836	-111.112419
16790.515137	-120.367210
16795.898438	-116.234505
16801.281738	-110.515800
16806.665039	-120.891907
16812.048340	-107.052513
16817.431641	-105.472206
16822.814941	-102.644623
16828.198242	-109.306679
16833.581543	-114.690750
16838.964844	-113.235741
16844.348145	-123.610435
16849.731445	-120.779228
16855.114746	-109.955887
16860.498047	-108.802788
16865.881348	-111.833862
16871.264648	-114.461800
16876.647949	-113.124718
16882.031250	-112.572502
16887.414551	-118.450256
16892.797852	-109.399078
16898.181152	-111.280334
16903.564453	-111.036324
16908.947754	-108.734299
16914.331055	-111.356987
16919.714355	-112.390289
16925.097656	-110.849930
16930.480957	-111.358696
16935.864258	-106.942886
16941.247559	-118.748016
16946.630859	-111.235718
16952.014160	-107.608765
16957.397461	-105.347000
16962.780762	-111.786232
16968.164063	-111.320572
16973.547363	-111.150894
16978.930664	-122.638992
16984.313965	-108.493919
16989.697266	-110.350960
16995.080566	-120.096909
17000.463867	-116.537865
17005.847168	-108.177719
17011.230469	-113.931648
17016.613770	-117.024414
17021.997070	-120.390556
17027.380371	-107.386658
17032.763672	-110.643280
17038.146973	-115.130013
17043.530273	-111.437881
17048.913574	-118.210129
17054.296875	-110.781204
17059.680176	-108.773064
17065.063477	-122.696129
17070.446777	-112.062744
17075.830078	-115.951439
17081.213379	-112.497833
17086.596680	-113.217415
17091.979980	-104.242599
17097.363281	-105.648422
17102.746582	-113.073936
17108.129883	-115.232956
17113.513184	-117.064888
17118.896484	-111.328140
17124.279785	-117.309525
17129.663086	-105.998085
17135.046387	-110.146835
17140.429688	-108.528000
17145.812988	-118.955521
17151.196289	-110.297684
17156.579590	-115.361885
17161.962891	-112.313255
17167.346191	-110.844612
17172.729492	-108.516464
17178.112793	-112.256668
17183.496094	-115.400406
17188.879395	-111.560783
17194.262695	-105.912163
17199.645996	-106.949791
17205.029297	-108.952888
17210.412598	-113.815964
17215.795898	-117.939621
17221.179199	-118.026527
17226.562500	-109.182121
17231.945801	-117.324905
17237.329102	-112.040886
17242.712402	-104.853020
17248.095703	-105.324440
17253.479004	-111.541733
17258.862305	-107.978966
17264.245605	-104.086571
17269.628906	-112.263931
17275.012207	-116.264915
17280.395508	-106.897835
17285.778809	-105.154938
17291.162109	-105.694077
17296.545410	-114.411293
17301.928711	-110.616287
17307.312012	-112.834770
17312.695313	-108.850639
17318.078613	-129.106750
17323.461914	-107.453049
17328.845215	-105.479706
17334.228516	-108.877090
17339.611816	-107.053040
17344.995117	-105.561707
17350.378418	-109.066681
17355.761719	-107.959099
17361.145020	-115.702545
17366.528320	-107.215965
17371.911621	-103.181274
17377.294922	-114.191879
17382.678223	-107.107635
17388.061523	-117.660561
17393.444824	-114.502480
17398.828125	-108.640717
17404.211426	-128.912109
17409.594727	-121.558517
17414.978027	-114.323486
17420.361328	-112.056763
17425.744629	-108.341408
17431.127930	-111.288986
17436.511230	-109.114090
17441.894531	-103.518387
17447.277832	-101.971146
17452.661133	-104.163857
17458.044434	-119.872917
17463.427734	-113.419968
17468.811035	-112.552437
17474.194336	-107.449310
17479.577637	-109.814690
17484.960938	-105.419273
17490.344238	-105.506927
17495.727539	-108.540169
17501.110840	-105.467697
17506.494141	-106.465179
17511.877441	-105.174110
17517.260742	-108.467278
17522.644043	-104.346390
17528.027344	-109.061546
17533.410645	-110.525650
17538.793945	-105.065025
17544.177246	-104.669853
17549.560547	-105.170723
17554.943848	-110.867393
17560.327148	-117.262459
17565.710449	-110.398544
17571.093750	-115.019463
17576.477051	-105.709274
17581.860352	-103.236755
17587.243652	-115.763550
17592.626953	-107.530632
17598.010254	-105.665680
17603.393555	-109.426895
17608.776855	-107.960739
17614.160156	-110.679253
17619.543457	-105.823265
17624.926758	-109.494720
17630.310059	-106.802528
17635.693359	-113.885139
17641.076660	-106.512024
17646.459961	-126.489510
17651.843262	-121.300842
17657.226563	-110.914841
17662.609863	-116.722755
17667.993164	-112.008682
17673.376465	-116.684296
17678.759766	-104.180717
17684.143066	-108.280273
17689.526367	-126.019814
17694.909668	-119.479240
17700.292969	-106.787918
17705.676270	-113.939392
17711.059570	-111.519730
17716.442871	-110.797401
17721.826172	-105.190208
17727.209473	-106.580399
17732.592773	-109.330544
17737.976074	-107.652206
17743.359375	-118.999878
17748.742676	-105.885956
17754.125977	-107.517853
17759.509277	-125.173416
17764.892578	-111.385391
17770.275879	-110.181099
17775.659180	-116.491516
17781.042480	-110.422401
17786.425781	-107.441566
17791.809082	-108.792625
17797.192383	-108.511986
17802.575684	-113.559845
17807.958984	-108.364532
17813.342285	-107.631180
17818.725586	-105.752197
17824.108887	-107.518410
17829.492188	-102.750656
17834.875488	-104.637444
17840.258789	-103.795349
17845.642090	-116.621490
17851.025391	-108.152596
17856.408691	-107.752350
17861.791992	-120.450401
17867.175293	-102.124199
17872.558594	-103.051613
17877.941895	-109.921371
17883.325195	-108.315651
17888.708496	-112.142418
17894.091797	-106.664154
17899.475098	-111.911423
17904.858398	-116.054146
17910.241699	-107.481094
17915.625000	-109.533066
17921.008301	-116.546227
17926.391602	-115.598801
17931.774902	-108.168068
17937.158203	-108.414215
17942.541504	-109.269753
17947.924805	-107.350136
17953.308105	-110.192131
17958.691406	-115.170372
17964.074707	-110.216972
17969.458008	-108.180237
17974.841309	-109.038918
17980.224609	-118.216995
17985.607910	-124.888191
17990.991211	-105.725487
17996.374512	-105.761139
18001.757813	-111.874588
18007.141113	-114.255440
18012.524414	-101.227722
18017.907715	-104.596535
18023.291016	-103.357994
18028.674316	-108.429604
18034.057617	-109.965607
18039.440918	-108.045166
18044.824219	-105.486488
18050.207520	-108.342178
18055.590820	-106.755608
18060.974121	-107.974304
18066.357422	-115.691360
18071.740723	-126.899757
18077.124023	-113.040848
18082.507324	-123.201416
18087.890625	-113.585274
18093.273926	-106.101845
18098.657227	-109.255150
18104.040527	-105.392586
18109.423828	-110.611420
18114.807129	-139.879196
18120.190430	-107.057167
18125.573730	-103.606857
18130.957031	-119.421265
18136.340332	-106.380753
18141.723633	-101.433167
18147.106934	-116.128494
18152.490234	-108.825829
18157.873535	-106.221344
18163.256836	-113.588577
18168.640137	-103.707367
18174.023438	-117.436317
18179.406738	-109.705544
18184.790039	-108.985413
18190.173340	-107.198921
18195.556641	-113.657463
18200.939941	-109.704750
18206.323242	-106.760384
18211.706543	-105.419174
18217.089844	-112.373184
18222.473145	-126.390625
18227.856445	-110.360680
18233.239746	-109.727783
18238.623047	-105.881378
18244.006348	-111.261200
18249.389648	-110.983742
18254.772949	-105.297478
18260.156250	-111.301819
18265.539551	-108.354523
18270.922852	-105.194893
18276.306152	-105.742073
18281.689453	-105.380188
18287.072754	-104.224236
18292.456055	-112.725296
18297.839355	-108.722778
18303.222656	-115.902100
18308.605957	-113.576294
18313.989258	-104.809341
18319.372559	-112.391685
18324.755859	-103.647064
18330.139160	-106.548340
18335.522461	-107.198166
18340.905762	-129.498718
18346.289063	-109.011139
18351.672363	-106.620102
18357.055664	-101.772667
18362.438965	-117.769730
18367.822266	-113.829422
18373.205566	-113.711304
18378.588867	-110.107574
18383.972168	-110.641899
18389.355469	-129.146072
18394.738770	-112.242180
18400.122070	-110.544220
18405.505371	-108.935959
18410.888672	-103.748878
18416.271973	-117.841415
18421.655273	-111.420631
18427.038574	-110.421707
18432.421875	-117.557976
18437.805176	-104.769386
18443.188477	-108.679817
18448.571777	-113.872612
18453.955078	-123.342560
18459.338379	-106.816162
18464.721680	-107.810272
18470.104980	-103.352859
18475.488281	-110.624672
18480.871582	-108.647980
18486.254883	-106.493729
18491.638184	-113.612259
18497.021484	-107.196716
18502.404785	-108.284462
18507.788086	-108.496056
18513.171387	-116.388168
18518.554688	-112.841728
18523.937988	-107.709335
18529.321289	-105.521492
18534.704590	-112.210144
18540.087891	-106.941849
18545.471191	-114.953651
18550.854492	-109.184311
18556.237793	-106.610733
18561.621094	-100.470253
18567.004395	-110.745758
18572.387695	-106.783241
18577.770996	-110.144417
18583.154297	-109.242981
18588.537598	-108.124626
18593.920898	-112.716942
18599.304199	-120.159729
18604.687500	-111.701538
18610.070801	-130.463333
18615.454102	-110.529907
18620.837402	-119.768013
18626.220703	-113.569046
18631.604004	-109.515999
18636.987305	-104.906319
18642.370605	-109.914436
18647.753906	-101.530464
18653.137207	-101.040947
18658.520508	-106.392708
18663.903809	-106.224136
18669.287109	-111.798805
18674.670410	-108.521461
18680.053711	-112.837662
18685.437012	-113.678513
18690.820313	-109.697823
18696.203613	-112.489441
18701.586914	-104.446129
18706.970215	-103.153107
18712.353516	-108.341484
18717.736816	-110.597107
18723.120117	-113.934578
18728.503418	-105.071510
18733.886719	-102.684494
18739.270020	-104.849586
18744.653320	-110.242676
18750.036621	-104.386032
18755.419922	-102.905807
18760.803223	-121.276329
18766.186523	-112.197624
18771.569824	-104.502312
18776.953125	-102.791924
18782.336426	-103.490440
18787.719727	-104.472893
18793.103027	-107.706299
18798.486328	-109.991875
18803.869629	-113.370361
18809.252930	-112.392914
18814.636230	-107.373451
18820.019531	-105.060875
18825.402832	-110.486908
18830.786133	-101.957664
18836.169434	-102.578835
18841.552734	-100.302696
18846.936035	-105.384552
18852.319336	-109.809761
18857.702637	-112.397377
18863.085938	-106.179550
18868.469238	-106.809578
18873.852539	-105.705116
18879.235840	-116.154442
18884.619141	-110.118797
18890.002441	-126.597107
18895.385742	-115.097115
18900.769043	-107.004158
18906.152344	-108.003105
18911.535645	-109.069160
18916.918945	-116.787033
18922.302246	-102.474281
18927.685547	-109.198883
18933.068848	-123.832436
18938.452148	-112.570969
18943.835449	-110.909798
18949.218750	-109.158699
18954.602051	-120.318611
18959.985352	-108.457550
18965.368652	-107.402931
18970.751953	-111.507690
18976.135254	-107.902077
18981.518555	-111.154137
18986.901855	-112.857162
18992.285156	-108.338051
18997.668457	-102.955872
19003.051758	-112.914284
19008.435059	-107.358955
19013.818359	-112.043480
19019.201660	-111.042587
19024.584961	-112.948502
19029.968262	-109.841377
19035.351563	-104.668671
19040.734863	-101.652718
19046.118164	-108.188301
19051.501465	-105.908554
19056.884766	-113.605522
19062.268066	-115.489311
19067.651367	-111.842064
19073.034668	-115.419167
19078.417969	-109.454460
19083.801270	-115.730629
19089.184570	-108.518997
19094.567871	-106.188591
19099.951172	-104.837616
19105.334473	-119.714104
19110.717773	-113.083961
19116.101074	-106.619583
19121.484375	-107.590179
19126.867676	-110.882782
19132.250977	-111.730156
19137.634277	-104.358543
19143.017578	-110.959885
19148.400879	-119.831398
19153.784180	-106.622375
19159.167480	-114.666656
19164.550781	-111.521515
19169.934082	-110.508537
19175.317383	-111.161804
19180.700684	-115.904953
19186.083984	-110.727501
19191.467285	-105.995186
19196.850586	-114.965157
19202.233887	-109.914452
19207.617188	-119.240990
19213.000488	-111.290680
19218.383789	-110.752457
19223.767090	-112.317162
19229.150391	-106.972328
19234.533691	-104.540398
19239.916992	-103.273491
19245.300293	-103.838768
19250.683594	-103.712097
19256.066895	-110.853905
19261.450195	-114.127892
19266.833496	-106.771721
19272.216797	-101.321243
19277.600098	-99.471283
19282.983398	-100.299904
19288.366699	-107.439857
19293.750000	-122.857292
19299.133301	-102.211693
19304.516602	-96.324257
19309.899902	-101.282585
19315.283203	-104.623131
19320.666504	-113.936371
19326.049805	-103.896698
19331.433105	-107.964012
19336.816406	-114.905121
19342.199707	-113.278778
19347.583008	-131.354477
19352.966309	-113.621811
19358.349609	-100.866898
19363.732910	-103.045723
19369.116211	-108.405266
19374.499512	-108.234978
19379.882813	-104.048042
19385.266113	-102.972366
19390.649414	-104.899261
19396.032715	-114.088959
19401.416016	-111.821091
19406.799316	-118.330505
19412.182617	-102.320724
19417.565918	-107.925438
19422.949219	-109.973564
19428.332520	-107.896248
19433.715820	-103.278587
19439.099121	-113.913986
19444.482422	-122.461952
19449.865723	-106.860008
19455.249023	-101.844490
19460.632324	-120.115898
19466.015625	-103.778900
19471.398926	-101.989830
19476.782227	-112.849167
19482.165527	-101.063271
19487.548828	-107.111145
19492.932129	-101.887077
19498.315430	-106.795021
19503.698730	-105.503624
19509.082031	-107.624687
19514.465332	-106.979416
19519.848633	-104.346039
19525.231934	-108.782410
19530.615234	-107.931580
19535.998535	-106.053696
19541.381836	-113.573059
19546.765137	-107.828148
19552.148438	-115.285187
19557.531738	-111.050797
19562.915039	-106.313171
19568.298340	-107.718651
19573.681641	-101.653870
19579.064941	-103.437027
19584.448242	-104.697021
19589.831543	-121.210205
19595.214844	-135.233994
19600.598145	-103.749069
19605.981445	-105.126442
19611.364746	-106.548218
19616.748047	-108.706909
19622.131348	-107.619057
19627.514648	-107.350891
19632.897949	-106.335472
19638.281250	-107.176834
19643.664551	-114.642197
19649.047852	-103.065956
19654.431152	-107.747551
19659.814453	-103.231987
19665.197754	-101.927521
19670.581055	-111.875443
19675.964355	-112.500580
19681.347656	-115.285004
19686.730957	-110.984665
19692.114258	-102.848145
19697.497559	-101.571854
19702.880859	-112.902802
19708.264160	-101.976845
19713.647461	-104.180595
19719.030762	-104.856972
19724.414063	-105.336426
19729.797363	-105.041054
19735.180664	-108.173645
19740.563965	-107.083557
19745.947266	-109.535843
19751.330566	-102.409348
19756.713867	-100.989006
19762.097168	-101.619324
19767.480469	-106.817207
19772.863770	-108.983543
19778.247070	-108.928055
19783.630371	-115.039970
19789.013672	-115.301895
19794.396973	-102.650223
19799.780273	-110.340889
19805.163574	-112.387939
19810.546875	-104.309708
19815.930176	-100.958115
19821.313477	-113.984558
19826.696777	-105.063591
19832.080078	-106.699310
19837.463379	-104.108841
19842.846680	-107.778893
19848.229980	-102.854294
19853.613281	-106.423737
19858.996582	-105.886070
19864.379883	-108.701988
19869.763184	-110.078789
19875.146484	-114.590569
19880.529785	-110.955574
19885.913086	-122.754639
19891.296387	-104.409630
19896.679688	-104.502045
19902.062988	-108.266129
19907.446289	-109.195892
19912.829590	-105.741257
19918.212891	-106.387764
19923.596191	-105.907845
19928.979492	-107.348122
19934.362793	-100.856285
19939.746094	-98.999985
19945.129395	-98.106033
19950.512695	-103.931549
19955.895996	-110.220093
19961.279297	-102.730919
19966.662598	-108.768181
19972.045898	-111.897827
19977.429199	-108.858337
19982.812500	-108.392693
19988.195801	-103.432831
19993.579102	-101.090958
19998.962402	-110.096710
20004.345703	-110.851303
20009.729004	-115.413651
20015.112305	-106.543053
20020.495605	-100.326416
20025.878906	-108.532967
20031.262207	-108.420448
20036.645508	-108.302666
20042.028809	-106.800537
20047.412109	-120.016052
20052.795410	-104.451591
20058.178711	-106.949715
20063.562012	-111.615364
20068.945313	-112.747452
20074.328613	-112.813637
20079.711914	-107.151299
20085.095215	-105.666115
20090.478516	-104.694855
20095.861816	-104.484131
20101.245117	-113.340393
20106.628418	-107.135567
20112.011719	-105.434311
20117.395020	-105.431000
20122.778320	-102.830421
20128.161621	-115.619102
20133.544922	-107.914665
20138.928223	-104.469994
20144.311523	-110.346779
20149.694824	-107.007065
20155.078125	-110.047028
20160.461426	-102.900932
20165.844727	-98.064888
20171.228027	-99.247742
20176.611328	-102.499489
20181.994629	-110.022537
20187.377930	-109.065735
20192.761230	-117.817360
20198.144531	-108.862259
20203.527832	-105.482971
20208.911133	-111.509804
20214.294434	-101.353683
20219.677734	-101.169464
20225.061035	-109.049782
20230.444336	-112.963333
20235.827637	-106.763344
20241.210938	-107.668701
20246.594238	-106.604935
20251.977539	-107.377007
20257.360840	-105.302795
20262.744141	-106.476646
20268.127441	-104.075706
20273.510742	-102.508835
20278.894043	-109.945244
20284.277344	-113.453445
20289.660645	-112.480820
20295.043945	-112.850586
20300.427246	-104.109428
20305.810547	-112.600494
20311.193848	-106.421104
20316.577148	-107.855820
20321.960449	-108.399078
20327.343750	-111.323944
20332.727051	-107.932106
20338.110352	-104.229378
20343.493652	-105.539871
20348.876953	-106.650970
20354.260254	-107.019669
20359.643555	-115.265427
20365.026855	-105.471581
20370.410156	-109.682961
20375.793457	-109.235611
20381.176758	-105.991188
20386.560059	-102.759430
20391.943359	-109.166481
20397.326660	-111.853142
20402.709961	-112.132072
20408.093262	-104.514832
20413.476563	-101.088120
20418.859863	-101.247276
20424.243164	-110.420563
20429.626465	-106.671303
20435.009766	-109.569397
20440.393066	-121.803452
20445.776367	-107.259338
20451.159668	-105.456558
20456.542969	-104.266304
20461.926270	-102.611504
20467.309570	-108.290291
20472.692871	-105.713455
20478.076172	-105.486137
20483.459473	-102.799034
20488.842773	-98.949478
20494.226074	-104.466232
20499.609375	-112.076973
20504.992676	-107.856163
20510.375977	-110.053436
20515.759277	-110.535034
20521.142578	-104.060921
20526.525879	-109.951859
20531.909180	-108.059151
20537.292480	-107.010590
20542.675781	-111.398216
20548.059082	-107.699272
20553.442383	-104.536591
20558.825684	-100.624596
20564.208984	-113.782753
20569.592285	-114.208641
20574.975586	-109.936806
20580.358887	-106.360954
20585.742188	-108.148407
20591.125488	-106.397369
20596.508789	-104.354645
20601.892090	-101.355392
20607.275391	-105.284386
20612.658691	-109.709801
20618.041992	-105.763268
20623.425293	-117.157104
20628.808594	-112.414177
20634.191895	-108.446045
20639.575195	-104.597725
20644.958496	-105.273170
20650.341797	-109.886307
20655.725098	-112.285835
20661.108398	-101.143303
20666.491699	-103.893539
20671.875000	-113.051056
20677.258301	-116.451996
20682.641602	-104.179260
20688.024902	-102.487534
20693.408203	-105.340240
20698.791504	-110.926315
20704.174805	-110.082870
20709.558105	-115.354126
20714.941406	-107.764061
20720.324707	-112.858444
20725.708008	-115.929962
20731.091309	-105.737755
20736.474609	-112.874313
20741.857910	-104.198402
20747.241211	-116.487366
20752.624512	-103.762825
20758.007813	-110.349556
20763.391113	-111.382317
20768.774414	-99.953979
20774.157715	-103.225800
20779.541016	-105.719177
20784.924316	-100.510178
20790.307617	-107.356308
20795.690918	-104.304276
20801.074219	-107.821114
20806.457520	-110.191925
20811.840820	-110.306488
20817.224121	-116.086563
20822.607422	-111.832771
20827.990723	-103.669083
20833.374023	-101.187454
20838.757324	-99.790337
20844.140625	-102.966469
20849.523926	-107.858208
20854.907227	-113.258720
20860.290527	-115.013939
20865.673828	-105.649300
20871.057129	-116.691971
20876.440430	-104.015511
20881.823730	-108.658394
20887.207031	-112.403496
20892.590332	-107.670303
20897.973633	-100.219864
20903.356934	-98.686211
20908.740234	-103.569832
20914.123535	-104.115906
20919.506836	-108.429626
20924.890137	-107.315369
20930.273438	-108.620941
20935.656738	-109.372429
20941.040039	-109.194855
20946.423340	-109.548347
20951.806641	-101.115807
20957.189941	-103.258202
20962.573242	-100.004631
20967.956543	-108.758377
20973.339844	-110.310654
20978.723145	-105.601715
20984.106445	-115.588020
20989.489746	-105.769875
20994.873047	-111.055847
21000.256348	-112.339432
21005.639648	-104.330322
21011.022949	-106.455376
21016.406250	-105.897995
21021.789551	-105.358452
21027.172852	-102.710159
21032.556152	-106.398468
21037.939453	-108.411278
21043.322754	-107.028267
21048.706055	-104.852676
21054.089355	-107.636726
21059.472656	-104.458878
21064.855957	-105.133987
21070.239258	-102.388046
21075.622559	-103.649406
21081.005859	-107.082230
21086.389160	-100.755295
21091.772461	-107.936043
21097.155762	-108.052231
21102.539063	-107.288834
21107.922363	-107.586845
21113.305664	-106.378738
21118.688965	-107.699387
21124.072266	-105.999825
21129.455566	-107.983200
21134.838867	-106.544319
21140.222168	-106.227226
21145.605469	-109.340225
21150.988770	-105.438293
21156.372070	-102.294090
21161.755371	-104.886902
21167.138672	-103.743614
21172.521973	-108.918381
21177.905273	-113.863060
21183.288574	-104.799843
21188.671875	-122.283951
21194.055176	-109.329521
21199.438477	-107.106697
21204.821777	-108.665581
21210.205078	-109.201210
21215.588379	-103.513016
21220.971680	-100.163864
21226.354980	-99.650436
21231.738281	-107.477898
21237.121582	-103.919701
21242.504883	-111.230797
21247.888184	-103.607727
21253.271484	-109.209396
21258.654785	-106.707726
21264.038086	-112.972305
21269.421387	-110.046539
21274.804688	-106.262703
21280.187988	-103.043526
21285.571289	-106.251221
21290.954590	-106.130417
21296.337891	-106.312180
21301.721191	-104.279434
21307.104492	-107.986916
21312.487793	-105.349281
21317.871094	-107.833946
21323.254395	-113.211304
21328.637695	-125.728271
21334.020996	-104.139854
21339.404297	-109.774483
21344.787598	-119.472328
21350.170898	-109.920593
21355.554199	-103.855255
21360.937500	-102.754364
21366.320801	-102.959366
21371.704102	-107.142723
21377.087402	-105.659248
21382.470703	-118.819473
21387.854004	-120.380310
21393.237305	-107.344009
21398.620605	-109.474983
21404.003906	-109.911667
21409.387207	-112.014503
21414.770508	-108.000610
21420.153809	-108.343544
21425.537109	-122.813568
21430.920410	-107.781181
21436.303711	-102.655914
21441.687012	-99.471275
21447.070313	-107.314499
21452.453613	-104.358719
21457.836914	-99.952690
21463.220215	-103.208954
21468.603516	-112.371109
21473.986816	-105.073067
21479.370117	-110.339920
21484.753418	-113.847321
21490.136719	-112.228889
21495.520020	-107.316254
21500.903320	-125.014069
21506.286621	-108.791466
21511.669922	-107.316856
21517.053223	-143.229492
21522.436523	-105.463493
21527.819824	-100.739609
21533.203125	-98.659325
21538.586426	-101.178078
21543.969727	-111.589905
21549.353027	-117.780258
21554.736328	-102.834732
21560.119629	-103.683380
21565.502930	-107.816795
21570.886230	-102.199059
21576.269531	-106.687401
21581.652832	-105.066277
21587.036133	-104.107635
21592.419434	-117.633469
21597.802734	-104.339355
21603.186035	-105.714317
21608.569336	-109.617973
21613.952637	-117.760796
21619.335938	-109.221535
21624.719238	-112.425194
21630.102539	-126.844246
21635.485840	-101.925369
21640.869141	-109.480324
21646.252441	-107.377548
21651.635742	-111.677132
21657.019043	-118.561607
21662.402344	-121.238609
21667.785645	-106.079498
21673.168945	-117.044777
21678.552246	-106.395294
21683.935547	-114.108902
21689.318848	-112.151581
21694.702148	-104.714081
21700.085449	-105.837158
21705.468750	-107.196808
21710.852051	-107.280693
21716.235352	-103.046860
21721.618652	-118.136597
21727.001953	-107.731377
21732.385254	-106.463890
21737.768555	-107.418686
21743.151855	-111.029434
21748.535156	-106.702805
21753.918457	-102.688538
21759.301758	-101.341232
21764.685059	-108.073486
21770.068359	-113.536850
21775.451660	-107.988129
21780.834961	-107.901062
21786.218262	-106.145180
21791.601563	-103.169624
21796.984863	-110.821960
21802.368164	-110.793861
21807.751465	-109.743454
21813.134766	-106.254646
21818.518066	-112.814789
21823.901367	-110.775208
21829.284668	-107.968811
21834.667969	-104.771530
21840.051270	-106.749756
21845.434570	-104.048409
21850.817871	-99.927032
21856.201172	-100.725693
21861.584473	-103.746338
21866.967773	-109.057922
21872.351074	-113.523415
21877.734375	-107.052490
21883.117676	-106.205994
21888.500977	-102.612465
21893.884277	-102.514328
21899.267578	-103.454613
21904.650879	-117.349663
21910.034180	-107.358078
21915.417480	-103.378395
21920.800781	-112.023407
21926.184082	-105.940697
21931.567383	-104.871330
21936.950684	-106.094650
21942.333984	-99.819992
21947.717285	-98.183998
21953.100586	-106.045952
21958.483887	-118.349464
21963.867188	-108.503487
21969.250488	-111.765175
21974.633789	-114.771919
21980.017090	-106.419739
21985.400391	-103.624001
21990.783691	-103.563721
21996.166992	-101.583694
22001.550293	-102.078987
22006.933594	-109.577728
22012.316895	-104.555771
22017.700195	-108.943611
22023.083496	-114.424438
22028.466797	-104.292435
22033.850098	-108.434135
22039.233398	-115.114555
22044.616699	-104.374580
